0,1,443.81,159.72,89.10,176.77,0.94,-1,-1,-1
0,2,1501.20,-4.18,70.20,170.90,0.93,-1,-1,-1
0,3,525.83,150.61,81.00,184.87,0.91,-1,-1,-1
1,1,443.51,159.72,89.11,176.77,0.94,-1,-1,-1
1,2,1501.03,-4.29,70.54,171.74,0.93,-1,-1,-1
1,3,525.54,150.32,80.99,184.87,0.90,-1,-1,-1
2,1,443.22,159.85,89.07,176.63,0.94,-1,-1,-1
2,2,1500.84,-4.11,70.92,172.74,0.93,-1,-1,-1
2,3,525.17,150.00,81.10,185.13,0.90,-1,-1,-1
3,1,442.76,160.15,88.78,176.08,0.94,-1,-1,-1
3,2,1500.74,-4.18,71.12,173.30,0.93,-1,-1,-1
3,3,524.69,150.17,80.83,184.44,0.91,-1,-1,-1
4,1,442.11,160.37,88.71,176.03,0.93,-1,-1,-1
4,2,1501.67,-4.11,71.24,173.73,0.93,-1,-1,-1
4,3,523.81,150.73,80.73,183.96,0.91,-1,-1,-1
5,1,441.79,160.56,88.45,175.66,0.93,-1,-1,-1
5,2,1501.85,-3.97,71.56,174.32,0.93,-1,-1,-1
5,3,523.25,151.04,80.78,183.69,0.91,-1,-1,-1
6,1,441.75,160.73,88.25,175.42,0.93,-1,-1,-1
6,2,1501.92,-3.83,71.62,174.24,0.93,-1,-1,-1
6,3,522.96,151.20,80.56,182.84,0.91,-1,-1,-1
7,1,442.01,160.79,88.14,175.35,0.93,-1,-1,-1
7,2,1502.88,-3.52,71.61,173.99,0.93,-1,-1,-1
7,3,522.01,151.25,80.37,182.08,0.90,-1,-1,-1
8,1,442.19,160.91,87.96,175.22,0.92,-1,-1,-1
8,2,1503.23,-3.04,71.56,173.62,0.92,-1,-1,-1
8,3,521.68,151.26,79.85,180.67,0.90,-1,-1,-1
9,1,442.58,160.95,87.72,174.95,0.92,-1,-1,-1
9,2,1503.22,-2.41,71.81,173.47,0.92,-1,-1,-1
9,3,521.68,151.55,79.01,178.74,0.89,-1,-1,-1
10,1,443.60,161.08,87.73,174.97,0.91,-1,-1,-1
10,2,1503.97,-2.08,72.16,173.63,0.92,-1,-1,-1
10,3,520.30,151.64,79.23,179.21,0.86,-1,-1,-1
11,1,443.78,161.12,87.68,174.99,0.92,-1,-1,-1
11,2,1503.83,-1.68,73.11,174.88,0.92,-1,-1,-1
11,3,518.52,151.45,79.17,179.41,0.84,-1,-1,-1
12,1,444.11,161.01,87.58,174.89,0.92,-1,-1,-1
12,2,1504.43,-1.59,73.93,175.95,0.92,-1,-1,-1
12,3,516.57,150.97,79.54,181.14,0.83,-1,-1,-1
13,1,444.47,161.08,87.52,174.97,0.92,-1,-1,-1
13,2,1504.33,-1.57,74.85,176.79,0.93,-1,-1,-1
13,3,514.40,150.85,79.48,182.76,0.83,-1,-1,-1
14,1,444.98,160.88,87.65,175.23,0.91,-1,-1,-1
14,2,1505.11,-1.18,75.31,176.59,0.93,-1,-1,-1
14,3,512.34,150.19,79.77,185.78,0.71,-1,-1,-1
15,1,445.25,161.03,87.52,175.33,0.91,-1,-1,-1
15,2,1506.10,-0.82,75.86,176.05,0.93,-1,-1,-1
15,3,511.83,149.77,79.44,187.75,0.72,-1,-1,-1
16,1,445.23,161.08,87.26,175.37,0.90,-1,-1,-1
16,2,1506.32,-0.02,76.32,175.38,0.93,-1,-1,-1
16,3,511.83,149.45,79.02,189.65,0.70,-1,-1,-1
17,1,445.63,161.09,86.78,175.16,0.90,-1,-1,-1
17,2,1506.16,0.60,76.93,174.56,0.93,-1,-1,-1
17,3,511.86,149.44,78.43,190.35,0.63,-1,-1,-1
18,1,446.30,160.88,86.44,175.31,0.89,-1,-1,-1
18,2,1506.99,0.91,77.14,172.82,0.93,-1,-1,-1
18,3,512.05,149.34,77.94,191.03,0.52,-1,-1,-1
19,1,447.38,160.57,86.43,175.59,0.87,-1,-1,-1
19,2,1507.60,0.70,78.37,173.82,0.93,-1,-1,-1
19,3,511.55,149.08,77.18,191.04,0.44,-1,-1,-1
20,1,448.68,160.56,86.43,175.59,0.88,-1,-1,-1
20,2,1508.44,0.61,79.34,174.42,0.93,-1,-1,-1
20,3,511.18,149.37,76.42,190.52,0.55,-1,-1,-1
21,1,449.10,160.78,86.08,175.36,0.88,-1,-1,-1
21,2,1509.35,0.79,80.26,175.09,0.93,-1,-1,-1
21,3,511.52,149.94,75.69,189.85,0.67,-1,-1,-1
22,1,449.35,160.42,85.76,175.72,0.90,-1,-1,-1
22,2,1510.65,1.52,80.42,174.68,0.93,-1,-1,-1
22,3,511.90,150.26,74.99,189.47,0.79,-1,-1,-1
23,1,449.76,160.28,85.40,176.08,0.91,-1,-1,-1
23,2,1512.03,2.01,80.41,174.51,0.93,-1,-1,-1
23,3,511.57,150.72,74.38,188.98,0.78,-1,-1,-1
24,1,450.43,160.12,85.12,176.55,0.90,-1,-1,-1
24,2,1513.42,2.51,80.40,174.34,0.93,-1,-1,-1
24,3,511.87,150.89,73.79,188.78,0.70,-1,-1,-1
25,1,451.03,159.95,84.73,176.84,0.90,-1,-1,-1
25,2,1514.84,2.81,80.31,174.61,0.93,-1,-1,-1
25,3,512.22,151.23,73.16,188.09,0.74,-1,-1,-1
26,1,451.77,159.67,84.42,176.94,0.89,-1,-1,-1
26,2,1515.99,2.51,80.75,176.21,0.93,-1,-1,-1
26,3,511.84,151.69,72.64,187.37,0.65,-1,-1,-1
27,1,452.81,159.78,84.09,176.76,0.88,-1,-1,-1
27,2,1517.60,3.00,80.28,176.87,0.92,-1,-1,-1
27,3,511.04,151.98,72.46,187.33,0.68,-1,-1,-1
28,1,452.76,160.05,83.48,176.46,0.89,-1,-1,-1
28,2,1519.07,3.73,80.07,178.11,0.92,-1,-1,-1
28,3,511.10,151.85,72.17,187.09,0.75,-1,-1,-1
29,1,453.28,159.82,83.49,176.90,0.90,-1,-1,-1
29,2,1520.57,3.94,79.81,179.85,0.92,-1,-1,-1
29,3,510.71,151.80,72.01,187.00,0.83,-1,-1,-1
30,1,453.36,159.40,83.24,177.18,0.90,-1,-1,-1
30,2,1522.23,5.07,79.22,180.66,0.92,-1,-1,-1
30,3,510.50,152.28,71.68,186.13,0.86,-1,-1,-1
31,1,452.58,158.91,82.98,177.83,0.90,-1,-1,-1
31,2,1522.93,5.42,78.76,181.67,0.92,-1,-1,-1
31,3,510.00,152.90,71.54,185.35,0.88,-1,-1,-1
32,1,452.23,158.73,82.51,178.08,0.90,-1,-1,-1
32,2,1524.24,6.16,78.20,182.31,0.91,-1,-1,-1
32,3,509.42,153.58,71.42,184.62,0.88,-1,-1,-1
33,1,452.00,158.56,82.06,178.27,0.90,-1,-1,-1
33,2,1524.86,6.75,77.65,182.87,0.90,-1,-1,-1
33,3,509.40,153.82,71.46,184.13,0.87,-1,-1,-1
34,1,451.36,158.16,81.67,178.68,0.90,-1,-1,-1
34,2,1525.34,7.35,76.88,182.66,0.90,-1,-1,-1
34,3,508.02,153.79,72.03,184.29,0.84,-1,-1,-1
35,1,451.11,158.13,81.09,178.49,0.90,-1,-1,-1
35,2,1525.86,7.95,75.82,182.18,0.90,-1,-1,-1
35,3,507.66,153.88,72.40,184.03,0.87,-1,-1,-1
36,1,450.73,158.13,80.54,178.41,0.91,-1,-1,-1
36,2,1526.27,8.27,74.93,181.86,0.90,-1,-1,-1
36,3,506.14,154.13,73.12,183.94,0.87,-1,-1,-1
37,1,450.88,158.13,80.21,178.59,0.92,-1,-1,-1
37,2,1526.63,8.65,74.12,181.56,0.90,-1,-1,-1
37,3,504.87,154.78,73.95,183.81,0.89,-1,-1,-1
38,1,450.99,158.58,79.54,177.99,0.92,-1,-1,-1
38,2,1526.92,8.83,73.47,181.49,0.91,-1,-1,-1
38,3,504.49,155.29,74.53,183.37,0.89,-1,-1,-1
39,1,450.84,158.31,79.25,178.21,0.92,-1,-1,-1
39,2,1527.21,8.94,72.80,181.18,0.91,-1,-1,-1
39,3,503.99,155.36,75.07,182.99,0.89,-1,-1,-1
40,1,450.66,158.32,78.94,177.95,0.91,-1,-1,-1
40,2,1527.45,9.07,72.25,181.05,0.91,-1,-1,-1
40,3,503.68,155.60,75.57,182.64,0.88,-1,-1,-1
41,1,450.90,158.33,78.67,178.07,0.90,-1,-1,-1
41,2,1527.70,9.28,71.69,180.72,0.91,-1,-1,-1
41,3,504.18,155.68,75.89,182.29,0.87,-1,-1,-1
42,1,450.34,158.45,78.54,178.01,0.91,-1,-1,-1
42,2,1527.93,9.34,71.17,180.36,0.91,-1,-1,-1
42,3,504.59,155.81,76.06,181.95,0.88,-1,-1,-1
43,1,449.15,158.38,78.68,178.09,0.91,-1,-1,-1
43,2,1528.10,9.58,70.78,180.23,0.91,-1,-1,-1
43,3,505.48,156.19,76.02,181.60,0.88,-1,-1,-1
44,1,448.20,158.47,78.87,178.01,0.92,-1,-1,-1
44,2,1528.32,10.10,70.30,179.73,0.91,-1,-1,-1
44,3,505.53,156.77,76.14,181.71,0.89,-1,-1,-1
45,1,447.63,158.84,78.94,177.64,0.92,-1,-1,-1
45,2,1528.55,10.45,69.80,179.04,0.91,-1,-1,-1
45,3,505.75,156.98,76.23,181.76,0.89,-1,-1,-1
46,1,447.68,159.20,78.91,177.06,0.92,-1,-1,-1
46,2,1528.83,11.13,69.19,177.88,0.91,-1,-1,-1
46,3,505.78,157.04,76.38,182.01,0.89,-1,-1,-1
47,1,447.80,159.56,78.72,176.39,0.91,-1,-1,-1
47,2,1528.98,11.43,68.86,177.40,0.91,-1,-1,-1
47,3,505.59,156.95,76.39,181.89,0.89,-1,-1,-1
48,1,447.85,159.81,78.67,176.03,0.91,-1,-1,-1
48,2,1529.05,11.69,68.69,177.28,0.91,-1,-1,-1
48,3,505.29,156.90,76.43,181.85,0.88,-1,-1,-1
49,1,448.01,159.90,78.84,175.90,0.92,-1,-1,-1
49,2,1529.10,11.72,68.58,177.31,0.91,-1,-1,-1
49,3,505.01,156.99,76.32,181.62,0.89,-1,-1,-1
50,1,447.80,160.15,79.00,175.64,0.92,-1,-1,-1
50,2,1530.01,11.61,68.52,177.43,0.91,-1,-1,-1
50,3,504.90,157.01,76.29,181.54,0.89,-1,-1,-1
51,1,447.50,160.58,79.09,175.21,0.92,-1,-1,-1
51,2,1530.33,11.61,68.53,177.77,0.91,-1,-1,-1
51,3,504.83,157.02,76.34,181.51,0.89,-1,-1,-1
52,1,447.34,160.84,79.23,174.94,0.92,-1,-1,-1
52,2,1530.37,11.60,68.69,178.57,0.91,-1,-1,-1
52,3,505.06,157.01,76.31,181.29,0.89,-1,-1,-1
53,1,446.87,160.83,79.68,175.18,0.92,-1,-1,-1
53,2,1531.27,11.53,68.73,179.04,0.92,-1,-1,-1
53,3,505.02,156.89,76.57,181.65,0.89,-1,-1,-1
54,1,446.38,160.82,80.03,175.28,0.91,-1,-1,-1
54,2,1531.54,11.67,68.88,179.84,0.92,-1,-1,-1
54,3,504.75,156.96,76.72,181.79,0.89,-1,-1,-1
55,1,446.09,160.80,80.39,175.33,0.93,-1,-1,-1
55,2,1532.56,12.38,68.85,180.13,0.92,-1,-1,-1
55,3,504.51,157.31,76.61,181.63,0.90,-1,-1,-1
56,1,445.97,161.02,80.56,175.12,0.93,-1,-1,-1
56,2,1533.07,13.20,68.57,179.68,0.92,-1,-1,-1
56,3,504.43,157.44,76.56,181.57,0.90,-1,-1,-1
57,1,445.74,161.21,80.57,174.72,0.93,-1,-1,-1
57,2,1533.18,13.72,68.60,180.07,0.92,-1,-1,-1
57,3,504.78,157.26,76.23,181.10,0.90,-1,-1,-1
58,1,445.55,161.39,80.79,174.68,0.93,-1,-1,-1
58,2,1533.33,14.63,68.38,179.71,0.92,-1,-1,-1
58,3,505.10,157.08,76.19,181.15,0.90,-1,-1,-1
59,1,445.52,161.56,80.80,174.34,0.92,-1,-1,-1
59,2,1534.34,15.30,68.14,179.23,0.92,-1,-1,-1
59,3,505.31,157.23,75.99,180.95,0.90,-1,-1,-1
60,1,445.58,161.62,80.67,173.99,0.92,-1,-1,-1
60,2,1534.69,16.37,68.08,178.44,0.92,-1,-1,-1
60,3,505.26,157.28,75.74,180.88,0.89,-1,-1,-1
61,1,445.79,161.52,80.72,174.20,0.92,-1,-1,-1
61,2,1534.78,17.32,68.11,177.92,0.92,-1,-1,-1
61,3,505.48,157.19,75.60,181.08,0.90,-1,-1,-1
62,1,445.86,161.37,80.76,174.40,0.92,-1,-1,-1
62,2,1535.55,18.04,68.41,177.44,0.92,-1,-1,-1
62,3,505.66,157.37,75.37,181.16,0.90,-1,-1,-1
63,1,446.00,160.87,81.01,175.15,0.92,-1,-1,-1
63,2,1535.67,18.74,68.85,177.49,0.93,-1,-1,-1
63,3,505.91,157.22,75.35,181.42,0.90,-1,-1,-1
64,1,446.74,160.34,81.06,175.77,0.92,-1,-1,-1
64,2,1536.29,19.10,69.61,177.86,0.93,-1,-1,-1
64,3,506.13,157.05,75.56,181.74,0.90,-1,-1,-1
65,1,447.65,159.80,80.72,175.89,0.92,-1,-1,-1
65,2,1536.16,18.76,70.59,179.11,0.93,-1,-1,-1
65,3,506.44,156.98,76.05,181.86,0.91,-1,-1,-1
66,1,448.56,158.82,80.78,176.94,0.91,-1,-1,-1
66,2,1536.67,18.67,71.58,179.87,0.92,-1,-1,-1
66,3,506.46,156.62,76.88,182.13,0.91,-1,-1,-1
67,1,449.58,157.79,80.79,178.22,0.91,-1,-1,-1
67,2,1537.39,18.51,72.65,180.37,0.93,-1,-1,-1
67,3,505.70,156.37,77.82,182.23,0.90,-1,-1,-1
68,1,450.39,157.41,80.36,178.70,0.90,-1,-1,-1
68,2,1537.38,18.55,73.59,180.78,0.93,-1,-1,-1
68,3,503.60,156.17,79.12,182.49,0.87,-1,-1,-1
69,1,451.37,157.05,80.17,179.53,0.90,-1,-1,-1
69,2,1538.00,19.16,74.43,180.43,0.93,-1,-1,-1
69,3,502.38,155.76,80.46,183.03,0.84,-1,-1,-1
70,1,451.88,156.10,80.22,180.78,0.89,-1,-1,-1
70,2,1538.90,19.27,75.15,179.95,0.93,-1,-1,-1
70,3,500.54,155.22,81.96,183.62,0.83,-1,-1,-1
71,1,452.76,155.86,79.73,180.80,0.87,-1,-1,-1
71,2,1538.84,19.13,76.18,179.82,0.93,-1,-1,-1
71,3,500.23,154.46,83.09,183.95,0.83,-1,-1,-1
72,1,454.00,155.72,79.05,180.17,0.86,-1,-1,-1
72,2,1539.48,19.51,76.97,179.33,0.93,-1,-1,-1
72,3,503.48,154.07,83.02,183.95,0.80,-1,-1,-1
73,1,454.99,155.63,78.60,180.53,0.88,-1,-1,-1
73,2,1540.24,19.87,77.97,179.58,0.93,-1,-1,-1
73,3,506.01,153.71,82.64,183.95,0.84,-1,-1,-1
74,1,455.39,155.72,77.90,180.44,0.88,-1,-1,-1
74,2,1540.26,20.50,78.83,179.74,0.93,-1,-1,-1
74,3,507.54,153.81,82.23,183.94,0.84,-1,-1,-1
75,1,455.46,155.65,77.30,180.61,0.83,-1,-1,-1
75,2,1541.76,20.72,79.65,180.01,0.93,-1,-1,-1
75,3,505.01,153.52,82.90,184.49,0.76,-1,-1,-1
76,1,456.61,155.64,77.03,181.33,0.86,-1,-1,-1
76,2,1543.00,20.85,80.35,180.84,0.93,-1,-1,-1
76,3,505.75,153.42,82.85,184.47,0.78,-1,-1,-1
77,1,457.45,155.97,76.54,181.60,0.87,-1,-1,-1
77,2,1544.36,21.39,80.56,180.54,0.93,-1,-1,-1
77,3,507.56,153.94,82.43,184.34,0.80,-1,-1,-1
78,1,458.94,156.00,76.19,181.91,0.85,-1,-1,-1
78,2,1545.76,21.80,80.56,180.42,0.92,-1,-1,-1
78,3,509.37,154.15,81.76,184.29,0.78,-1,-1,-1
79,1,460.72,155.90,75.82,181.57,0.86,-1,-1,-1
79,2,1547.28,22.28,80.28,180.26,0.92,-1,-1,-1
79,3,509.94,153.90,81.28,184.37,0.72,-1,-1,-1
80,1,460.96,156.21,75.61,182.10,0.86,-1,-1,-1
80,2,1548.71,22.62,80.18,181.15,0.92,-1,-1,-1
80,3,509.44,153.69,81.13,184.73,0.80,-1,-1,-1
81,1,461.48,156.66,75.52,182.73,0.87,-1,-1,-1
81,2,1549.97,23.12,80.40,182.87,0.92,-1,-1,-1
81,3,509.08,153.51,80.94,184.76,0.80,-1,-1,-1
82,1,462.61,156.94,75.34,182.74,0.88,-1,-1,-1
82,2,1551.34,23.41,80.40,184.73,0.91,-1,-1,-1
82,3,509.36,153.61,80.47,183.81,0.86,-1,-1,-1
83,1,463.90,157.05,75.29,182.51,0.89,-1,-1,-1
83,2,1552.90,23.84,79.99,186.20,0.91,-1,-1,-1
83,3,510.23,153.43,80.06,183.45,0.87,-1,-1,-1
84,1,462.26,157.54,75.01,183.08,0.89,-1,-1,-1
84,2,1553.67,24.49,79.41,187.13,0.91,-1,-1,-1
84,3,510.10,153.37,79.90,183.31,0.87,-1,-1,-1
85,1,462.00,157.67,75.48,184.79,0.88,-1,-1,-1
85,2,1553.95,24.94,79.11,188.68,0.92,-1,-1,-1
85,3,509.92,153.46,79.65,183.04,0.85,-1,-1,-1
86,1,463.24,157.71,75.62,184.76,0.88,-1,-1,-1
86,2,1555.31,25.93,78.21,189.20,0.92,-1,-1,-1
86,3,509.92,153.39,79.40,182.72,0.86,-1,-1,-1
87,1,463.59,157.73,75.88,184.96,0.90,-1,-1,-1
87,2,1556.25,27.01,76.92,188.42,0.91,-1,-1,-1
87,3,510.50,153.81,79.02,182.15,0.87,-1,-1,-1
88,1,462.87,157.73,76.31,185.68,0.88,-1,-1,-1
88,2,1556.74,27.57,76.10,188.60,0.92,-1,-1,-1
88,3,510.04,154.08,78.87,181.94,0.84,-1,-1,-1
89,1,461.55,158.12,76.76,186.22,0.87,-1,-1,-1
89,2,1557.21,28.43,75.15,188.20,0.92,-1,-1,-1
89,3,508.67,154.52,78.98,181.87,0.83,-1,-1,-1
90,1,460.09,158.65,77.04,186.02,0.85,-1,-1,-1
90,2,1557.47,29.07,74.56,188.59,0.92,-1,-1,-1
90,3,506.10,154.69,79.54,181.85,0.83,-1,-1,-1
91,1,457.76,159.52,77.13,185.93,0.84,-1,-1,-1
91,2,1557.81,29.35,73.81,188.33,0.92,-1,-1,-1
91,3,504.36,154.52,80.40,182.74,0.83,-1,-1,-1
92,1,455.68,160.62,76.88,184.88,0.89,-1,-1,-1
92,2,1558.17,29.82,73.01,187.72,0.92,-1,-1,-1
92,3,503.31,155.69,80.66,181.74,0.88,-1,-1,-1
93,1,454.08,161.64,76.64,183.64,0.88,-1,-1,-1
93,2,1558.46,30.14,72.35,187.30,0.92,-1,-1,-1
93,3,502.80,156.57,81.02,180.92,0.90,-1,-1,-1
94,1,451.07,162.68,76.50,183.16,0.89,-1,-1,-1
94,2,1558.72,30.36,71.76,186.92,0.92,-1,-1,-1
94,3,502.02,157.96,81.01,178.88,0.91,-1,-1,-1
95,1,448.31,163.62,76.16,182.09,0.90,-1,-1,-1
95,2,1558.91,30.48,71.33,186.82,0.92,-1,-1,-1
95,3,500.25,159.03,81.76,178.01,0.90,-1,-1,-1
96,1,447.07,163.95,76.05,181.24,0.90,-1,-1,-1
96,2,1559.04,30.56,71.00,186.95,0.92,-1,-1,-1
96,3,498.29,160.31,82.44,176.36,0.89,-1,-1,-1
97,1,444.70,163.83,76.33,181.60,0.90,-1,-1,-1
97,2,1559.21,30.80,70.61,186.77,0.92,-1,-1,-1
97,3,496.42,161.11,83.65,175.42,0.90,-1,-1,-1
98,1,441.21,164.10,75.92,180.85,0.88,-1,-1,-1
98,2,1560.15,30.87,70.48,186.48,0.92,-1,-1,-1
98,3,493.86,162.40,85.20,174.98,0.89,-1,-1,-1
99,1,437.24,164.69,74.44,177.39,0.87,-1,-1,-1
99,2,1560.46,30.83,70.51,186.64,0.92,-1,-1,-1
99,3,489.85,163.42,87.46,175.40,0.89,-1,-1,-1
100,1,433.62,164.95,72.87,173.45,0.88,-1,-1,-1
100,2,1560.59,30.91,70.46,186.60,0.92,-1,-1,-1
100,3,486.83,164.00,89.64,175.80,0.89,-1,-1,-1
101,1,430.91,165.54,73.81,175.23,0.89,-1,-1,-1
101,2,1560.65,31.04,70.39,186.46,0.92,-1,-1,-1
101,3,484.89,164.64,90.81,174.18,0.90,-1,-1,-1
102,1,427.11,166.08,75.42,177.14,0.90,-1,-1,-1
102,2,1560.76,31.42,70.18,185.86,0.92,-1,-1,-1
102,3,480.79,165.30,93.13,174.04,0.88,-1,-1,-1
103,1,422.87,166.38,76.91,177.33,0.90,-1,-1,-1
103,2,1560.79,31.60,70.09,185.57,0.92,-1,-1,-1
103,3,479.05,166.08,94.97,173.45,0.90,-1,-1,-1
104,1,418.23,167.48,78.81,177.97,0.90,-1,-1,-1
104,2,1560.83,32.00,69.99,185.24,0.92,-1,-1,-1
104,3,476.21,166.57,97.00,173.24,0.90,-1,-1,-1
105,1,414.01,168.54,81.08,178.00,0.89,-1,-1,-1
105,2,1561.72,32.30,69.95,185.07,0.93,-1,-1,-1
105,3,472.53,167.51,99.07,172.85,0.90,-1,-1,-1
106,1,409.02,170.27,82.24,175.34,0.89,-1,-1,-1
106,2,1562.04,32.46,69.97,185.06,0.93,-1,-1,-1
106,3,468.60,168.96,100.14,170.93,0.87,-1,-1,-1
107,1,404.17,171.96,82.99,172.38,0.87,-1,-1,-1
107,2,1562.19,32.90,69.90,184.78,0.93,-1,-1,-1
107,3,464.46,170.49,101.51,169.89,0.88,-1,-1,-1
108,1,397.90,169.13,87.01,176.30,0.87,-1,-1,-1
108,2,1562.11,33.39,70.11,184.57,0.93,-1,-1,-1
108,3,459.48,171.47,102.74,168.85,0.84,-1,-1,-1
109,1,393.70,169.62,87.99,175.10,0.89,-1,-1,-1
109,2,1562.09,33.51,70.15,184.66,0.93,-1,-1,-1
109,3,455.78,172.37,104.32,168.38,0.82,-1,-1,-1
110,1,386.78,169.01,89.00,175.87,0.89,-1,-1,-1
110,2,1562.81,33.88,70.49,184.93,0.93,-1,-1,-1
110,3,452.80,172.33,105.15,168.34,0.85,-1,-1,-1
111,1,379.15,163.64,92.10,182.42,0.88,-1,-1,-1
111,2,1562.84,34.01,71.08,186.03,0.93,-1,-1,-1
111,3,448.26,172.29,104.86,167.45,0.82,-1,-1,-1
112,1,373.30,159.10,94.59,187.18,0.85,-1,-1,-1
112,2,1562.52,34.04,71.94,187.34,0.93,-1,-1,-1
112,3,443.87,173.08,104.48,167.65,0.86,-1,-1,-1
113,1,369.60,156.54,96.10,189.59,0.87,-1,-1,-1
113,2,1563.06,34.27,72.71,188.61,0.93,-1,-1,-1
113,3,437.24,173.13,104.68,168.87,0.84,-1,-1,-1
114,1,366.32,160.48,94.95,186.47,0.88,-1,-1,-1
114,2,1563.12,34.90,73.26,188.64,0.93,-1,-1,-1
114,3,425.41,172.68,106.70,171.12,0.84,-1,-1,-1
115,1,361.38,164.22,94.18,184.15,0.86,-1,-1,-1
115,2,1563.12,36.36,73.48,187.86,0.93,-1,-1,-1
115,3,418.10,172.43,108.06,172.48,0.86,-1,-1,-1
116,1,355.31,165.75,96.36,185.82,0.88,-1,-1,-1
116,2,1564.10,37.73,73.38,186.16,0.93,-1,-1,-1
116,3,413.86,172.65,110.49,176.89,0.88,-1,-1,-1
117,1,346.34,168.38,96.63,185.49,0.88,-1,-1,-1
117,2,1564.27,38.79,73.70,184.96,0.93,-1,-1,-1
117,3,414.56,173.77,111.04,179.04,0.87,-1,-1,-1
118,1,342.21,170.87,96.37,184.06,0.89,-1,-1,-1
118,2,1564.96,39.90,74.33,184.79,0.92,-1,-1,-1
118,3,418.22,176.17,109.64,178.96,0.90,-1,-1,-1
119,1,341.14,172.58,96.44,183.17,0.87,-1,-1,-1
119,2,1565.58,40.51,75.62,185.96,0.93,-1,-1,-1
119,3,421.35,179.95,106.84,176.47,0.89,-1,-1,-1
120,1,342.01,176.11,95.61,179.70,0.88,-1,-1,-1
120,2,1565.32,40.72,77.05,187.85,0.92,-1,-1,-1
120,3,423.43,182.26,104.68,174.82,0.88,-1,-1,-1
121,1,342.26,179.20,94.57,176.13,0.87,-1,-1,-1
121,2,1565.75,41.00,78.27,188.78,0.93,-1,-1,-1
121,3,423.64,183.75,102.53,172.63,0.86,-1,-1,-1
122,1,341.89,180.54,94.73,174.82,0.86,-1,-1,-1
122,2,1566.56,41.42,79.17,189.13,0.93,-1,-1,-1
122,3,423.73,183.60,101.85,172.92,0.90,-1,-1,-1
123,1,339.54,180.53,94.96,174.81,0.88,-1,-1,-1
123,2,1567.37,41.77,80.24,189.48,0.93,-1,-1,-1
123,3,422.82,182.38,102.74,175.93,0.91,-1,-1,-1
124,1,336.76,180.04,94.69,175.05,0.91,-1,-1,-1
124,2,1567.32,42.34,81.32,189.37,0.93,-1,-1,-1
124,3,421.45,181.01,103.90,179.28,0.91,-1,-1,-1
125,1,335.31,179.81,94.29,174.94,0.91,-1,-1,-1
125,2,1567.92,42.58,82.20,189.04,0.94,-1,-1,-1
125,3,419.19,179.58,105.74,183.20,0.91,-1,-1,-1
126,1,334.63,179.69,94.18,175.37,0.91,-1,-1,-1
126,2,1568.52,42.55,83.53,189.47,0.94,-1,-1,-1
126,3,414.99,177.91,107.49,185.99,0.92,-1,-1,-1
127,1,334.63,180.06,93.82,175.10,0.92,-1,-1,-1
127,2,1569.50,42.57,84.24,188.56,0.93,-1,-1,-1
127,3,411.46,177.26,109.01,188.13,0.93,-1,-1,-1
128,1,334.34,180.39,93.58,175.02,0.92,-1,-1,-1
128,2,1571.23,42.34,85.30,189.44,0.93,-1,-1,-1
128,3,408.86,178.33,110.03,189.13,0.93,-1,-1,-1
129,1,334.00,180.50,93.31,175.00,0.93,-1,-1,-1
129,2,1572.45,42.07,86.29,189.71,0.93,-1,-1,-1
129,3,407.76,180.06,110.32,189.24,0.93,-1,-1,-1
130,1,333.42,180.73,92.83,174.56,0.92,-1,-1,-1
130,2,1573.73,42.29,86.72,189.47,0.93,-1,-1,-1
130,3,406.89,182.71,109.68,187.69,0.93,-1,-1,-1
131,1,333.15,181.47,92.45,173.96,0.92,-1,-1,-1
131,2,1573.88,42.53,87.46,190.10,0.93,-1,-1,-1
131,3,404.90,185.93,108.91,185.50,0.92,-1,-1,-1
132,1,331.95,181.95,91.95,173.30,0.92,-1,-1,-1
132,2,1574.87,43.06,87.57,189.33,0.93,-1,-1,-1
132,3,402.70,189.02,108.06,183.19,0.92,-1,-1,-1
133,1,331.65,181.89,92.03,173.51,0.92,-1,-1,-1
133,2,1575.93,43.92,87.95,189.25,0.93,-1,-1,-1
133,3,399.39,190.38,107.92,182.52,0.92,-1,-1,-1
134,1,332.02,182.29,92.22,173.60,0.91,-1,-1,-1
134,2,1575.88,44.62,88.90,190.73,0.93,-1,-1,-1
134,3,397.05,190.51,107.99,182.38,0.92,-1,-1,-1
135,1,332.22,182.98,92.05,172.87,0.91,-1,-1,-1
135,2,1576.50,45.71,89.69,192.00,0.93,-1,-1,-1
135,3,394.25,189.18,108.42,183.21,0.92,-1,-1,-1
136,1,332.81,182.89,92.50,172.94,0.91,-1,-1,-1
136,2,1576.62,46.66,90.15,193.25,0.93,-1,-1,-1
136,3,391.55,187.08,109.37,185.53,0.92,-1,-1,-1
137,1,332.28,183.06,92.47,172.75,0.91,-1,-1,-1
137,2,1576.67,48.56,90.24,193.71,0.93,-1,-1,-1
137,3,388.96,185.49,109.46,186.95,0.92,-1,-1,-1
138,1,331.91,183.44,92.07,172.36,0.91,-1,-1,-1
138,2,1576.81,50.31,89.96,193.26,0.93,-1,-1,-1
138,3,387.62,184.54,109.48,188.25,0.92,-1,-1,-1
139,1,331.97,184.02,91.49,172.00,0.91,-1,-1,-1
139,2,1577.82,51.34,89.66,192.68,0.93,-1,-1,-1
139,3,387.54,184.84,107.90,187.40,0.92,-1,-1,-1
140,1,332.46,184.44,91.28,172.32,0.90,-1,-1,-1
140,2,1578.09,51.92,89.70,192.90,0.93,-1,-1,-1
140,3,387.05,184.61,107.06,187.60,0.90,-1,-1,-1
141,1,333.35,184.70,91.19,173.01,0.90,-1,-1,-1
141,2,1577.25,52.33,89.77,193.19,0.93,-1,-1,-1
141,3,388.09,185.75,105.76,187.11,0.90,-1,-1,-1
142,1,335.05,185.45,92.04,175.06,0.90,-1,-1,-1
142,2,1576.86,52.80,89.88,193.63,0.93,-1,-1,-1
142,3,390.34,187.51,103.93,185.79,0.91,-1,-1,-1
143,1,337.13,187.27,92.17,175.39,0.90,-1,-1,-1
143,2,1576.83,53.50,89.66,193.23,0.93,-1,-1,-1
143,3,392.30,188.84,102.47,185.28,0.91,-1,-1,-1
144,1,338.28,189.28,91.50,174.40,0.90,-1,-1,-1
144,2,1576.09,54.13,89.22,192.90,0.93,-1,-1,-1
144,3,394.18,189.77,100.64,183.97,0.92,-1,-1,-1
145,1,339.56,190.02,91.80,175.13,0.89,-1,-1,-1
145,2,1575.87,54.34,88.90,192.77,0.93,-1,-1,-1
145,3,396.06,190.44,99.02,183.14,0.91,-1,-1,-1
146,1,341.84,190.93,92.62,176.08,0.89,-1,-1,-1
146,2,1575.77,54.22,88.80,193.10,0.92,-1,-1,-1
146,3,397.45,191.57,97.11,181.49,0.90,-1,-1,-1
147,1,342.42,191.48,92.70,175.98,0.89,-1,-1,-1
147,2,1575.79,54.16,88.63,193.22,0.92,-1,-1,-1
147,3,398.56,192.64,95.70,180.65,0.89,-1,-1,-1
148,1,343.58,190.98,93.92,177.72,0.90,-1,-1,-1
148,2,1575.96,54.39,88.24,192.76,0.93,-1,-1,-1
148,3,400.76,193.58,93.88,179.34,0.87,-1,-1,-1
149,1,344.64,191.00,94.44,178.59,0.90,-1,-1,-1
149,2,1576.09,54.74,87.93,192.42,0.93,-1,-1,-1
149,3,402.32,194.13,93.10,180.21,0.88,-1,-1,-1
150,1,346.95,191.42,93.87,177.58,0.90,-1,-1,-1
150,2,1576.25,55.18,87.60,191.95,0.93,-1,-1,-1
150,3,403.73,194.20,92.50,180.89,0.87,-1,-1,-1
151,1,349.75,191.12,93.76,177.18,0.88,-1,-1,-1
151,2,1576.38,55.78,87.33,191.55,0.93,-1,-1,-1
151,3,404.34,193.42,92.57,182.38,0.87,-1,-1,-1
152,1,350.08,190.76,92.86,177.02,0.88,-1,-1,-1
152,2,1575.51,56.10,87.27,191.62,0.93,-1,-1,-1
152,3,408.09,192.66,90.88,179.39,0.87,-1,-1,-1
153,1,353.59,190.83,91.93,176.73,0.87,-1,-1,-1
153,2,1575.20,56.32,87.20,191.66,0.93,-1,-1,-1
153,3,414.14,190.78,91.76,180.05,0.90,-1,-1,-1
154,1,359.54,191.29,91.61,176.62,0.87,-1,-1,-1
154,2,1575.00,56.27,87.35,192.23,0.93,-1,-1,-1
154,3,420.34,188.06,93.96,183.21,0.91,-1,-1,-1
155,1,363.66,191.23,91.21,177.68,0.86,-1,-1,-1
155,2,1574.91,56.74,87.45,192.72,0.93,-1,-1,-1
155,3,423.80,185.60,96.42,186.51,0.91,-1,-1,-1
156,1,368.35,191.42,91.33,179.42,0.87,-1,-1,-1
156,2,1575.60,57.23,87.81,193.91,0.93,-1,-1,-1
156,3,429.08,183.68,99.48,192.06,0.90,-1,-1,-1
157,1,372.14,191.70,91.18,180.29,0.85,-1,-1,-1
157,2,1575.76,58.41,88.16,194.47,0.93,-1,-1,-1
157,3,433.07,182.97,100.92,194.60,0.89,-1,-1,-1
158,1,375.76,192.35,91.50,181.16,0.87,-1,-1,-1
158,2,1575.64,59.67,88.66,195.50,0.93,-1,-1,-1
158,3,437.77,184.26,101.14,194.66,0.91,-1,-1,-1
159,1,378.28,192.70,92.24,183.37,0.87,-1,-1,-1
159,2,1575.35,60.35,89.33,197.11,0.93,-1,-1,-1
159,3,441.43,186.33,101.27,194.41,0.91,-1,-1,-1
160,1,379.95,193.26,93.13,186.40,0.88,-1,-1,-1
160,2,1575.65,61.09,88.75,195.65,0.93,-1,-1,-1
160,3,444.34,189.01,100.26,192.40,0.90,-1,-1,-1
161,1,383.05,193.80,93.21,187.42,0.88,-1,-1,-1
161,2,1575.55,61.68,88.96,195.41,0.93,-1,-1,-1
161,3,447.66,191.83,98.77,189.81,0.90,-1,-1,-1
162,1,385.63,194.87,92.93,187.77,0.89,-1,-1,-1
162,2,1576.28,62.55,89.28,195.54,0.93,-1,-1,-1
162,3,449.61,194.22,97.45,187.47,0.91,-1,-1,-1
163,1,388.47,196.04,92.01,186.88,0.88,-1,-1,-1
163,2,1576.03,63.41,90.46,197.92,0.93,-1,-1,-1
163,3,450.11,195.22,96.76,186.24,0.89,-1,-1,-1
164,1,390.48,197.58,90.92,186.28,0.86,-1,-1,-1
164,2,1576.64,63.83,91.25,199.58,0.93,-1,-1,-1
164,3,448.24,195.01,97.26,186.57,0.86,-1,-1,-1
165,1,392.88,199.04,90.17,186.25,0.86,-1,-1,-1
165,2,1576.79,64.13,91.70,199.92,0.93,-1,-1,-1
165,3,450.09,194.24,97.09,186.92,0.89,-1,-1,-1
166,1,395.97,200.01,89.77,186.44,0.85,-1,-1,-1
166,2,1576.76,64.44,92.02,200.03,0.93,-1,-1,-1
166,3,450.29,193.14,97.42,188.51,0.88,-1,-1,-1
167,1,398.74,200.68,89.80,187.28,0.89,-1,-1,-1
167,2,1577.38,64.81,92.65,200.32,0.93,-1,-1,-1
167,3,450.53,192.05,97.52,189.77,0.88,-1,-1,-1
168,1,399.87,201.02,89.47,187.69,0.87,-1,-1,-1
168,2,1578.25,65.10,93.37,200.36,0.94,-1,-1,-1
168,3,451.09,191.18,96.93,189.80,0.87,-1,-1,-1
169,1,399.72,201.12,88.53,187.83,0.87,-1,-1,-1
169,2,1578.37,65.47,94.02,200.42,0.94,-1,-1,-1
169,3,451.52,191.08,96.12,189.35,0.87,-1,-1,-1
170,1,399.38,200.02,88.57,190.31,0.88,-1,-1,-1
170,2,1579.23,65.53,94.39,199.92,0.93,-1,-1,-1
170,3,452.39,190.81,95.64,189.62,0.88,-1,-1,-1
171,1,401.40,199.36,88.59,192.11,0.86,-1,-1,-1
171,2,1579.15,65.37,95.32,200.89,0.93,-1,-1,-1
171,3,452.88,190.71,95.03,189.50,0.87,-1,-1,-1
172,1,403.07,199.76,87.99,192.55,0.87,-1,-1,-1
172,2,1579.89,65.40,95.86,201.13,0.93,-1,-1,-1
172,3,451.62,190.68,94.93,189.66,0.86,-1,-1,-1
173,1,403.74,200.34,86.68,192.03,0.88,-1,-1,-1
173,2,1580.66,65.18,96.83,202.54,0.93,-1,-1,-1
173,3,450.97,190.67,94.69,189.50,0.85,-1,-1,-1
174,1,405.27,200.77,85.27,190.91,0.89,-1,-1,-1
174,2,1581.15,65.42,96.76,201.62,0.93,-1,-1,-1
174,3,451.20,190.66,94.48,189.65,0.84,-1,-1,-1
175,1,407.39,200.81,84.65,191.02,0.88,-1,-1,-1
175,2,1581.49,66.33,96.39,199.97,0.93,-1,-1,-1
175,3,448.79,190.89,94.90,189.71,0.84,-1,-1,-1
176,1,408.20,200.92,83.85,191.16,0.90,-1,-1,-1
176,2,1581.63,66.72,96.17,198.61,0.93,-1,-1,-1
176,3,447.55,191.20,95.23,189.50,0.85,-1,-1,-1
177,1,408.61,201.07,82.77,190.86,0.89,-1,-1,-1
177,2,1581.44,68.98,96.52,197.98,0.93,-1,-1,-1
177,3,445.95,191.31,95.80,189.20,0.87,-1,-1,-1
178,1,409.15,201.00,81.49,189.95,0.87,-1,-1,-1
178,2,1580.83,69.92,97.70,199.42,0.93,-1,-1,-1
178,3,445.18,191.58,96.78,189.97,0.87,-1,-1,-1
179,1,410.38,200.74,80.66,189.38,0.86,-1,-1,-1
179,2,1579.51,71.31,98.52,200.25,0.93,-1,-1,-1
179,3,445.08,191.90,97.21,189.81,0.86,-1,-1,-1
180,1,411.02,201.30,79.44,188.26,0.85,-1,-1,-1
180,2,1578.96,73.71,98.90,200.22,0.94,-1,-1,-1
180,3,444.36,192.24,97.86,189.97,0.88,-1,-1,-1
181,1,411.62,201.84,78.20,187.28,0.85,-1,-1,-1
181,2,1578.51,75.09,99.51,200.82,0.94,-1,-1,-1
181,3,444.37,192.82,97.98,189.36,0.88,-1,-1,-1
182,1,413.05,201.92,77.47,187.02,0.85,-1,-1,-1
182,2,1578.45,76.13,99.51,200.71,0.93,-1,-1,-1
182,3,444.74,193.25,98.19,189.13,0.87,-1,-1,-1
183,1,414.67,201.05,77.67,188.28,0.85,-1,-1,-1
183,2,1578.34,77.27,99.67,200.99,0.93,-1,-1,-1
183,3,445.05,193.85,98.38,189.04,0.87,-1,-1,-1
184,1,414.98,199.37,78.27,190.53,0.85,-1,-1,-1
184,2,1578.27,78.22,99.79,201.21,0.93,-1,-1,-1
184,3,445.88,193.85,98.35,189.23,0.87,-1,-1,-1
185,1,416.52,197.19,79.14,192.27,0.83,-1,-1,-1
185,2,1578.39,79.94,99.53,200.56,0.93,-1,-1,-1
185,3,445.36,194.06,98.24,188.63,0.85,-1,-1,-1
186,1,413.62,197.02,78.37,192.48,0.86,-1,-1,-1
186,2,1578.30,80.66,99.68,201.42,0.93,-1,-1,-1
186,3,447.27,192.79,97.99,189.30,0.84,-1,-1,-1
187,1,411.12,195.64,78.14,193.65,0.85,-1,-1,-1
187,2,1578.63,81.51,99.02,201.02,0.93,-1,-1,-1
187,3,447.82,192.76,97.77,189.55,0.85,-1,-1,-1
188,1,409.60,195.02,77.82,193.97,0.87,-1,-1,-1
188,2,1578.00,81.90,98.48,200.75,0.93,-1,-1,-1
188,3,450.50,192.52,96.72,189.20,0.85,-1,-1,-1
189,1,407.52,194.91,77.14,193.52,0.89,-1,-1,-1
189,2,1577.80,81.90,98.20,200.98,0.93,-1,-1,-1
189,3,453.61,193.43,95.24,188.51,0.88,-1,-1,-1
190,1,405.47,194.88,76.73,193.11,0.86,-1,-1,-1
190,2,1577.88,82.09,97.79,200.84,0.93,-1,-1,-1
190,3,454.99,193.44,94.24,188.59,0.87,-1,-1,-1
191,1,405.61,194.66,78.34,193.83,0.83,-1,-1,-1
191,2,1578.08,82.74,97.30,200.39,0.93,-1,-1,-1
191,3,453.58,192.55,93.63,188.17,0.84,-1,-1,-1
192,1,405.00,195.04,80.30,194.09,0.85,-1,-1,-1
192,2,1578.28,83.29,96.87,200.00,0.93,-1,-1,-1
192,3,452.72,191.31,94.03,189.80,0.79,-1,-1,-1
193,1,406.44,195.86,83.07,193.51,0.88,-1,-1,-1
193,2,1578.42,83.92,96.58,199.85,0.93,-1,-1,-1
193,3,462.94,190.63,91.73,191.08,0.79,-1,-1,-1
194,1,403.90,196.85,84.95,192.84,0.88,-1,-1,-1
194,2,1577.75,84.52,96.15,199.30,0.93,-1,-1,-1
194,3,466.65,190.26,90.71,191.23,0.83,-1,-1,-1
195,1,402.24,198.12,86.61,191.90,0.88,-1,-1,-1
195,2,1577.43,84.66,96.12,199.59,0.93,-1,-1,-1
195,3,470.63,189.91,90.86,191.50,0.87,-1,-1,-1
196,1,397.69,199.27,87.05,190.43,0.88,-1,-1,-1
196,2,1577.49,85.30,95.76,199.09,0.93,-1,-1,-1
196,3,468.45,189.23,93.72,191.49,0.90,-1,-1,-1
197,1,392.67,199.25,87.14,190.32,0.91,-1,-1,-1
197,2,1577.60,85.97,95.47,198.69,0.94,-1,-1,-1
197,3,471.31,190.32,96.66,190.13,0.93,-1,-1,-1
198,1,402.56,199.24,91.38,190.51,0.81,-1,-1,-1
198,2,1577.45,87.03,95.75,199.60,0.94,-1,-1,-1
198,3,475.51,190.52,100.35,189.62,0.94,-1,-1,-1
199,1,391.64,199.89,90.18,189.70,0.89,-1,-1,-1
199,2,1577.31,88.24,96.03,200.56,0.93,-1,-1,-1
199,3,480.24,191.49,103.78,188.30,0.94,-1,-1,-1
200,1,386.90,200.13,89.15,189.17,0.92,-1,-1,-1
200,2,1576.89,89.17,96.88,202.98,0.93,-1,-1,-1
200,3,486.46,192.42,107.20,187.48,0.94,-1,-1,-1
201,1,385.08,200.22,88.48,188.98,0.92,-1,-1,-1
201,2,1577.29,90.22,97.87,205.94,0.93,-1,-1,-1
201,3,492.77,194.00,109.71,185.72,0.94,-1,-1,-1
202,1,384.90,200.24,88.23,188.69,0.93,-1,-1,-1
202,2,1577.62,90.98,97.91,206.78,0.93,-1,-1,-1
202,3,499.02,195.48,111.59,184.17,0.94,-1,-1,-1
203,1,383.88,200.24,88.36,188.82,0.93,-1,-1,-1
203,2,1578.16,92.45,97.09,205.52,0.93,-1,-1,-1
203,3,504.89,196.70,113.02,183.38,0.93,-1,-1,-1
204,1,382.56,200.23,88.60,189.10,0.93,-1,-1,-1
204,2,1577.71,93.71,98.07,208.52,0.93,-1,-1,-1
204,3,509.82,197.59,114.04,183.34,0.94,-1,-1,-1
205,1,381.16,200.11,88.37,188.43,0.92,-1,-1,-1
205,2,1577.66,95.31,98.21,209.02,0.93,-1,-1,-1
205,3,513.14,198.79,114.26,182.67,0.94,-1,-1,-1
206,1,380.14,199.95,88.04,186.95,0.92,-1,-1,-1
206,2,1578.56,96.00,98.20,209.19,0.93,-1,-1,-1
206,3,515.32,199.78,113.46,180.76,0.94,-1,-1,-1
207,1,378.95,199.77,88.28,186.52,0.92,-1,-1,-1
207,2,1579.14,96.84,97.71,208.17,0.93,-1,-1,-1
207,3,517.69,199.57,113.30,180.85,0.93,-1,-1,-1
208,1,377.96,199.70,88.68,186.37,0.92,-1,-1,-1
208,2,1580.13,97.34,97.76,207.76,0.94,-1,-1,-1
208,3,521.29,198.91,112.43,180.79,0.93,-1,-1,-1
209,1,376.45,199.56,89.39,187.11,0.92,-1,-1,-1
209,2,1580.49,97.55,97.80,207.31,0.94,-1,-1,-1
209,3,525.82,197.18,112.16,183.37,0.92,-1,-1,-1
210,1,375.32,199.39,90.00,187.73,0.92,-1,-1,-1
210,2,1581.63,98.10,97.55,206.18,0.94,-1,-1,-1
210,3,529.74,194.63,111.37,186.02,0.91,-1,-1,-1
211,1,374.01,199.55,90.31,187.75,0.92,-1,-1,-1
211,2,1582.78,98.55,97.80,206.24,0.94,-1,-1,-1
211,3,533.43,192.89,109.48,187.58,0.91,-1,-1,-1
212,1,372.36,199.50,91.02,188.99,0.92,-1,-1,-1
212,2,1584.00,99.31,98.07,205.76,0.94,-1,-1,-1
212,3,535.92,191.34,107.19,188.39,0.92,-1,-1,-1
213,1,370.54,199.03,91.57,190.12,0.93,-1,-1,-1
213,2,1584.42,99.90,98.22,205.69,0.93,-1,-1,-1
213,3,538.01,190.32,105.07,189.13,0.91,-1,-1,-1
214,1,369.72,199.30,91.68,190.33,0.92,-1,-1,-1
214,2,1584.38,100.37,98.62,206.27,0.94,-1,-1,-1
214,3,540.99,190.95,102.30,188.40,0.91,-1,-1,-1
215,1,368.83,199.18,91.63,190.18,0.92,-1,-1,-1
215,2,1584.42,101.08,98.64,205.37,0.93,-1,-1,-1
215,3,543.73,191.87,99.57,187.44,0.88,-1,-1,-1
216,1,368.55,199.14,91.60,189.89,0.92,-1,-1,-1
216,2,1584.44,101.26,98.58,204.31,0.94,-1,-1,-1
216,3,544.86,191.35,100.34,191.97,0.89,-1,-1,-1
217,1,368.08,199.23,91.96,190.56,0.92,-1,-1,-1
217,2,1583.44,102.53,98.75,203.79,0.94,-1,-1,-1
217,3,547.90,190.27,100.97,195.87,0.89,-1,-1,-1
218,1,367.96,199.60,92.04,190.47,0.92,-1,-1,-1
218,2,1582.36,103.49,100.19,205.78,0.93,-1,-1,-1
218,3,551.81,190.86,99.95,196.35,0.90,-1,-1,-1
219,1,367.77,200.19,92.45,190.88,0.92,-1,-1,-1
219,2,1580.32,104.44,102.22,209.48,0.93,-1,-1,-1
219,3,554.49,192.21,98.74,196.05,0.87,-1,-1,-1
220,1,367.61,200.52,92.85,191.36,0.92,-1,-1,-1
220,2,1579.30,104.99,103.46,211.10,0.93,-1,-1,-1
220,3,558.53,194.51,96.45,194.35,0.89,-1,-1,-1
221,1,367.13,200.75,93.43,192.54,0.91,-1,-1,-1
221,2,1578.07,106.78,103.86,210.97,0.93,-1,-1,-1
221,3,562.23,196.28,94.16,192.55,0.90,-1,-1,-1
222,1,366.83,201.28,93.50,192.76,0.91,-1,-1,-1
222,2,1576.64,108.32,104.15,210.68,0.92,-1,-1,-1
222,3,565.16,196.49,92.23,191.86,0.90,-1,-1,-1
223,1,367.17,202.37,92.67,191.27,0.92,-1,-1,-1
223,2,1576.25,109.04,103.95,209.94,0.93,-1,-1,-1
223,3,566.36,196.33,90.66,191.59,0.91,-1,-1,-1
224,1,366.42,203.22,92.37,191.36,0.92,-1,-1,-1
224,2,1574.90,109.05,104.53,210.98,0.93,-1,-1,-1
224,3,566.08,196.15,89.55,191.59,0.90,-1,-1,-1
225,1,366.67,204.20,92.14,191.40,0.92,-1,-1,-1
225,2,1574.38,109.30,104.78,211.97,0.92,-1,-1,-1
225,3,565.70,196.07,88.61,191.59,0.90,-1,-1,-1
226,1,367.33,205.00,92.30,191.85,0.91,-1,-1,-1
226,2,1574.09,108.76,105.09,213.17,0.93,-1,-1,-1
226,3,566.27,196.48,87.58,191.14,0.91,-1,-1,-1
227,1,368.30,205.51,92.72,192.69,0.91,-1,-1,-1
227,2,1574.66,110.69,103.88,211.44,0.93,-1,-1,-1
227,3,567.19,196.51,86.97,191.52,0.91,-1,-1,-1
228,1,368.51,206.02,93.22,193.78,0.91,-1,-1,-1
228,2,1574.22,112.01,102.97,210.14,0.93,-1,-1,-1
228,3,568.25,196.19,86.09,191.55,0.90,-1,-1,-1
229,1,369.22,206.97,93.06,193.85,0.91,-1,-1,-1
229,2,1574.02,112.31,102.73,210.26,0.93,-1,-1,-1
229,3,568.77,196.17,85.42,191.90,0.90,-1,-1,-1
230,1,369.42,208.43,92.26,192.97,0.91,-1,-1,-1
230,2,1574.03,112.40,102.48,210.30,0.93,-1,-1,-1
230,3,569.83,196.15,84.68,192.25,0.90,-1,-1,-1
231,1,370.12,208.96,90.70,190.84,0.90,-1,-1,-1
231,2,1574.44,113.40,101.61,209.42,0.93,-1,-1,-1
231,3,571.39,196.14,83.76,192.60,0.90,-1,-1,-1
232,1,372.83,209.92,88.35,185.45,0.90,-1,-1,-1
232,2,1574.00,114.70,100.71,208.25,0.93,-1,-1,-1
232,3,572.73,195.91,82.72,192.95,0.91,-1,-1,-1
233,1,375.82,210.70,87.17,181.61,0.91,-1,-1,-1
233,2,1573.76,114.66,100.53,208.64,0.93,-1,-1,-1
233,3,573.79,195.82,81.58,193.07,0.90,-1,-1,-1
234,1,377.10,211.53,88.62,183.50,0.91,-1,-1,-1
234,2,1573.70,115.01,100.44,209.19,0.93,-1,-1,-1
234,3,575.23,196.01,80.32,193.12,0.90,-1,-1,-1
235,1,377.85,212.26,90.36,185.79,0.91,-1,-1,-1
235,2,1572.85,115.56,100.31,209.62,0.93,-1,-1,-1
235,3,575.91,195.63,79.48,194.02,0.89,-1,-1,-1
236,1,378.21,212.51,92.15,188.24,0.92,-1,-1,-1
236,2,1572.69,115.86,99.95,209.45,0.94,-1,-1,-1
236,3,577.26,195.49,78.25,194.13,0.89,-1,-1,-1
237,1,378.66,212.58,94.36,191.62,0.92,-1,-1,-1
237,2,1572.56,116.67,100.00,210.22,0.94,-1,-1,-1
237,3,578.14,195.21,76.98,194.16,0.89,-1,-1,-1
238,1,379.32,213.14,95.51,193.23,0.93,-1,-1,-1
238,2,1572.27,117.79,100.52,212.12,0.94,-1,-1,-1
238,3,579.19,195.00,75.87,194.50,0.89,-1,-1,-1
239,1,380.60,213.44,96.03,193.28,0.93,-1,-1,-1
239,2,1571.81,118.96,101.45,215.16,0.94,-1,-1,-1
239,3,579.85,194.70,74.87,194.84,0.89,-1,-1,-1
240,1,382.34,213.53,96.32,192.61,0.93,-1,-1,-1
240,2,1570.57,120.44,102.17,217.91,0.93,-1,-1,-1
240,3,579.92,194.03,73.91,194.85,0.89,-1,-1,-1
241,1,383.83,213.66,96.48,191.56,0.93,-1,-1,-1
241,2,1570.15,121.69,102.37,219.54,0.93,-1,-1,-1
241,3,580.18,193.67,73.00,194.74,0.89,-1,-1,-1
242,1,385.91,214.02,96.56,190.37,0.93,-1,-1,-1
242,2,1569.94,123.02,102.58,221.24,0.93,-1,-1,-1
242,3,580.46,193.54,72.27,194.68,0.89,-1,-1,-1
243,1,387.49,213.92,97.14,190.37,0.93,-1,-1,-1
243,2,1570.10,124.05,102.20,221.52,0.93,-1,-1,-1
243,3,580.68,193.38,71.71,194.77,0.89,-1,-1,-1
244,1,389.64,214.09,97.72,190.36,0.93,-1,-1,-1
244,2,1570.25,125.41,101.90,221.92,0.93,-1,-1,-1
244,3,580.84,193.11,71.32,195.24,0.89,-1,-1,-1
245,1,392.67,214.02,98.75,190.47,0.93,-1,-1,-1
245,2,1570.57,127.16,101.28,221.43,0.93,-1,-1,-1
245,3,581.07,193.23,70.81,195.19,0.89,-1,-1,-1
246,1,395.81,214.77,99.50,189.73,0.93,-1,-1,-1
246,2,1570.91,128.52,100.63,220.71,0.93,-1,-1,-1
246,3,581.30,193.51,70.29,194.94,0.89,-1,-1,-1
247,1,399.73,215.71,100.44,189.00,0.94,-1,-1,-1
247,2,1572.25,129.88,99.76,219.30,0.94,-1,-1,-1
247,3,580.98,193.40,69.99,195.07,0.89,-1,-1,-1
248,1,402.98,216.27,101.55,188.73,0.94,-1,-1,-1
248,2,1572.94,130.96,99.07,218.13,0.94,-1,-1,-1
248,3,580.91,193.36,69.77,195.33,0.89,-1,-1,-1
249,1,405.57,216.91,102.66,188.41,0.94,-1,-1,-1
249,2,1573.45,132.34,98.33,216.67,0.93,-1,-1,-1
249,3,580.38,193.12,69.78,195.87,0.90,-1,-1,-1
250,1,407.47,217.13,103.71,188.75,0.93,-1,-1,-1
250,2,1574.50,133.20,98.11,215.73,0.94,-1,-1,-1
250,3,579.82,193.48,69.61,195.63,0.90,-1,-1,-1
251,1,409.25,218.43,104.03,187.87,0.94,-1,-1,-1
251,2,1575.03,133.98,97.77,214.42,0.93,-1,-1,-1
251,3,578.09,193.62,69.89,195.53,0.90,-1,-1,-1
252,1,410.20,219.12,104.74,187.77,0.94,-1,-1,-1
252,2,1575.23,134.85,97.63,213.54,0.93,-1,-1,-1
252,3,576.82,193.68,70.36,195.49,0.90,-1,-1,-1
253,1,411.19,219.48,105.82,188.30,0.94,-1,-1,-1
253,2,1574.11,135.75,98.17,213.73,0.94,-1,-1,-1
253,3,575.81,193.92,70.71,195.02,0.91,-1,-1,-1
254,1,412.65,219.81,106.56,188.06,0.94,-1,-1,-1
254,2,1573.33,136.44,99.07,214.31,0.94,-1,-1,-1
254,3,576.06,194.35,70.94,194.06,0.91,-1,-1,-1
255,1,414.46,219.25,107.71,189.09,0.93,-1,-1,-1
255,2,1572.13,137.16,99.46,213.14,0.94,-1,-1,-1
255,3,576.30,195.07,71.21,192.69,0.91,-1,-1,-1
256,1,417.04,218.35,109.09,190.81,0.93,-1,-1,-1
256,2,1570.72,138.35,99.72,211.76,0.94,-1,-1,-1
256,3,576.05,196.68,71.56,191.06,0.91,-1,-1,-1
257,1,419.70,217.55,109.64,192.13,0.93,-1,-1,-1
257,2,1569.01,139.59,100.40,210.86,0.94,-1,-1,-1
257,3,574.87,197.73,72.53,191.13,0.91,-1,-1,-1
258,1,423.63,217.24,109.61,192.62,0.92,-1,-1,-1
258,2,1566.69,140.64,102.24,212.38,0.94,-1,-1,-1
258,3,574.59,198.56,73.05,190.06,0.91,-1,-1,-1
259,1,426.14,217.34,109.60,193.69,0.93,-1,-1,-1
259,2,1565.28,142.00,104.04,214.19,0.94,-1,-1,-1
259,3,573.73,198.85,73.86,189.66,0.91,-1,-1,-1
260,1,428.15,216.93,109.53,194.74,0.92,-1,-1,-1
260,2,1563.09,143.20,106.31,217.50,0.94,-1,-1,-1
260,3,571.79,198.73,74.73,189.31,0.92,-1,-1,-1
261,1,429.92,216.77,109.07,195.13,0.91,-1,-1,-1
261,2,1562.51,144.28,106.68,216.75,0.94,-1,-1,-1
261,3,569.71,198.66,75.54,188.07,0.91,-1,-1,-1
262,1,431.97,215.94,109.05,196.48,0.90,-1,-1,-1
262,2,1561.33,145.59,107.02,216.62,0.93,-1,-1,-1
262,3,568.02,198.62,76.36,186.73,0.91,-1,-1,-1
263,1,434.56,216.17,108.36,196.42,0.92,-1,-1,-1
263,2,1560.99,147.16,106.98,215.67,0.94,-1,-1,-1
263,3,565.77,198.37,78.13,187.81,0.91,-1,-1,-1
264,1,435.84,216.71,107.78,196.59,0.93,-1,-1,-1
264,2,1560.41,148.44,107.91,217.03,0.94,-1,-1,-1
264,3,563.68,198.27,80.00,188.91,0.92,-1,-1,-1
265,1,436.84,217.36,106.79,196.20,0.92,-1,-1,-1
265,2,1560.14,149.82,108.41,218.15,0.93,-1,-1,-1
265,3,560.29,198.78,82.40,190.34,0.92,-1,-1,-1
266,1,437.13,217.38,106.44,197.36,0.92,-1,-1,-1
266,2,1560.04,150.58,108.63,218.73,0.93,-1,-1,-1
266,3,557.47,198.97,84.23,190.44,0.93,-1,-1,-1
267,1,436.42,218.28,105.58,197.79,0.92,-1,-1,-1
267,2,1559.32,151.21,108.34,218.77,0.93,-1,-1,-1
267,3,553.96,199.14,86.75,192.15,0.93,-1,-1,-1
268,1,434.49,219.06,104.88,198.83,0.92,-1,-1,-1
268,2,1559.21,151.74,107.92,218.44,0.93,-1,-1,-1
268,3,550.83,200.42,89.17,193.35,0.93,-1,-1,-1
269,1,429.92,219.35,104.19,200.31,0.92,-1,-1,-1
269,2,1559.39,152.12,107.36,218.30,0.93,-1,-1,-1
269,3,547.76,201.68,90.82,192.80,0.93,-1,-1,-1
270,1,427.36,220.45,103.32,200.52,0.92,-1,-1,-1
270,2,1559.71,152.73,106.68,217.74,0.93,-1,-1,-1
270,3,544.06,202.59,92.16,192.36,0.93,-1,-1,-1
271,1,425.83,221.74,103.17,201.47,0.92,-1,-1,-1
271,2,1559.96,153.37,106.20,217.52,0.93,-1,-1,-1
271,3,540.85,204.03,92.84,190.63,0.92,-1,-1,-1
272,1,423.78,223.89,102.94,201.47,0.92,-1,-1,-1
272,2,1559.35,153.96,105.66,217.05,0.93,-1,-1,-1
272,3,536.46,204.33,93.75,190.41,0.93,-1,-1,-1
273,1,421.81,225.46,103.02,202.00,0.92,-1,-1,-1
273,2,1559.07,154.32,105.60,217.59,0.93,-1,-1,-1
273,3,531.16,203.75,94.83,191.45,0.93,-1,-1,-1
274,1,420.43,227.48,102.58,202.07,0.92,-1,-1,-1
274,2,1559.11,154.65,105.31,217.57,0.93,-1,-1,-1
274,3,525.32,203.52,95.07,191.63,0.93,-1,-1,-1
275,1,418.77,229.10,102.50,203.19,0.93,-1,-1,-1
275,2,1559.36,155.24,104.75,216.83,0.94,-1,-1,-1
275,3,520.34,202.74,95.07,192.80,0.92,-1,-1,-1
276,1,418.27,231.46,102.25,204.48,0.92,-1,-1,-1
276,2,1559.37,155.83,104.73,217.28,0.94,-1,-1,-1
276,3,515.01,201.88,94.61,193.36,0.92,-1,-1,-1
277,1,418.13,233.99,100.79,203.07,0.91,-1,-1,-1
277,2,1558.35,156.58,105.01,218.45,0.94,-1,-1,-1
277,3,508.23,201.88,93.04,192.56,0.89,-1,-1,-1
278,1,415.12,236.69,101.30,204.29,0.91,-1,-1,-1
278,2,1557.96,156.73,106.94,223.68,0.94,-1,-1,-1
278,3,503.93,202.32,91.27,192.92,0.90,-1,-1,-1
279,1,411.36,238.88,102.36,206.17,0.91,-1,-1,-1
279,2,1557.65,157.15,108.01,227.23,0.94,-1,-1,-1
279,3,500.51,202.71,89.56,192.38,0.90,-1,-1,-1
280,1,408.43,240.99,102.74,205.76,0.92,-1,-1,-1
280,2,1556.83,159.05,108.06,228.57,0.93,-1,-1,-1
280,3,498.41,203.07,88.16,191.73,0.91,-1,-1,-1
281,1,405.46,243.07,102.68,204.24,0.91,-1,-1,-1
281,2,1556.59,161.03,107.96,229.54,0.93,-1,-1,-1
281,3,495.60,204.21,87.50,191.14,0.91,-1,-1,-1
282,1,401.07,243.57,102.62,204.09,0.92,-1,-1,-1
282,2,1556.69,162.97,107.56,229.76,0.92,-1,-1,-1
282,3,492.85,205.41,87.79,191.48,0.91,-1,-1,-1
283,1,395.94,243.70,102.08,204.47,0.92,-1,-1,-1
283,2,1557.13,164.50,106.62,228.53,0.93,-1,-1,-1
283,3,490.28,206.52,88.56,191.84,0.91,-1,-1,-1
284,1,391.67,242.14,101.35,205.49,0.92,-1,-1,-1
284,2,1557.92,165.83,106.81,229.92,0.93,-1,-1,-1
284,3,487.27,207.48,89.65,191.86,0.93,-1,-1,-1
285,1,387.73,242.28,100.11,205.31,0.91,-1,-1,-1
285,2,1558.03,167.07,107.28,231.41,0.93,-1,-1,-1
285,3,484.74,207.93,91.31,193.09,0.93,-1,-1,-1
286,1,385.24,241.06,96.04,197.77,0.91,-1,-1,-1
286,2,1558.28,168.22,107.04,231.23,0.93,-1,-1,-1
286,3,483.01,208.20,92.84,193.89,0.93,-1,-1,-1
287,1,380.03,240.78,97.42,201.43,0.91,-1,-1,-1
287,2,1559.42,169.11,106.65,230.63,0.94,-1,-1,-1
287,3,480.53,209.06,93.75,193.19,0.93,-1,-1,-1
288,1,375.20,241.44,96.79,200.44,0.92,-1,-1,-1
288,2,1560.02,170.30,106.17,229.70,0.94,-1,-1,-1
288,3,478.31,209.14,94.65,192.69,0.92,-1,-1,-1
289,1,370.02,243.46,96.80,200.07,0.91,-1,-1,-1
289,2,1560.17,170.93,106.12,229.11,0.94,-1,-1,-1
289,3,473.96,208.60,95.98,193.28,0.92,-1,-1,-1
290,1,365.49,245.42,97.31,199.82,0.91,-1,-1,-1
290,2,1561.50,172.19,105.35,226.69,0.94,-1,-1,-1
290,3,469.77,208.26,96.88,194.06,0.92,-1,-1,-1
291,1,360.97,247.47,98.05,198.84,0.92,-1,-1,-1
291,2,1561.80,172.78,105.44,226.27,0.94,-1,-1,-1
291,3,464.86,208.12,96.97,194.34,0.92,-1,-1,-1
292,1,357.39,249.55,98.79,197.14,0.92,-1,-1,-1
292,2,1561.65,173.81,105.99,226.39,0.94,-1,-1,-1
292,3,459.47,208.06,96.72,194.45,0.92,-1,-1,-1
293,1,353.65,250.18,100.56,197.30,0.93,-1,-1,-1
293,2,1561.61,174.94,106.15,225.66,0.94,-1,-1,-1
293,3,453.99,208.69,96.17,194.26,0.91,-1,-1,-1
294,1,350.98,250.71,101.91,196.59,0.92,-1,-1,-1
294,2,1561.25,175.88,106.87,226.38,0.94,-1,-1,-1
294,3,448.23,209.26,95.58,194.29,0.91,-1,-1,-1
295,1,347.20,251.31,103.09,195.89,0.92,-1,-1,-1
295,2,1560.53,176.87,106.53,223.99,0.94,-1,-1,-1
295,3,443.12,209.80,94.38,193.51,0.91,-1,-1,-1
296,1,342.72,251.05,104.78,196.09,0.93,-1,-1,-1
296,2,1559.33,177.87,106.45,222.18,0.94,-1,-1,-1
296,3,439.37,210.21,94.30,195.90,0.91,-1,-1,-1
297,1,336.66,248.91,106.70,197.97,0.93,-1,-1,-1
297,2,1556.39,178.88,107.80,222.64,0.94,-1,-1,-1
297,3,436.80,210.58,94.20,199.01,0.92,-1,-1,-1
298,1,328.84,246.29,108.85,201.36,0.93,-1,-1,-1
298,2,1553.46,179.89,110.19,225.28,0.94,-1,-1,-1
298,3,432.23,211.15,93.66,199.95,0.92,-1,-1,-1
299,1,320.60,244.52,109.52,203.64,0.92,-1,-1,-1
299,2,1549.98,181.35,112.32,227.17,0.95,-1,-1,-1
299,3,429.07,212.24,93.04,200.74,0.92,-1,-1,-1
300,1,312.77,242.84,108.38,203.28,0.92,-1,-1,-1
300,2,1547.94,183.19,112.83,225.67,0.94,-1,-1,-1
300,3,425.64,212.86,93.13,201.23,0.92,-1,-1,-1
301,1,307.87,241.98,106.77,201.79,0.93,-1,-1,-1
301,2,1545.96,184.63,113.72,225.20,0.94,-1,-1,-1
301,3,423.12,214.20,92.79,199.84,0.93,-1,-1,-1
302,1,302.83,241.33,107.02,204.00,0.92,-1,-1,-1
302,2,1543.68,186.25,115.38,226.13,0.94,-1,-1,-1
302,3,421.59,215.35,92.79,199.06,0.93,-1,-1,-1
303,1,298.97,240.98,106.14,203.82,0.92,-1,-1,-1
303,2,1540.58,187.59,117.01,227.94,0.94,-1,-1,-1
303,3,419.45,216.21,93.07,198.53,0.93,-1,-1,-1
304,1,295.06,241.31,106.18,205.07,0.93,-1,-1,-1
304,2,1538.86,188.28,118.78,230.39,0.94,-1,-1,-1
304,3,416.29,217.52,94.13,199.55,0.93,-1,-1,-1
305,1,291.12,243.00,105.58,203.98,0.92,-1,-1,-1
305,2,1537.36,188.71,119.46,231.31,0.94,-1,-1,-1
305,3,413.94,219.43,94.86,198.70,0.92,-1,-1,-1
306,1,287.90,243.87,104.72,201.76,0.93,-1,-1,-1
306,2,1536.02,188.83,119.56,231.64,0.94,-1,-1,-1
306,3,411.50,219.90,95.82,198.59,0.93,-1,-1,-1
307,1,283.41,244.65,104.84,200.91,0.93,-1,-1,-1
307,2,1535.63,189.28,119.45,231.52,0.94,-1,-1,-1
307,3,407.89,220.16,96.44,198.21,0.92,-1,-1,-1
308,1,279.36,246.95,105.39,200.59,0.92,-1,-1,-1
308,2,1534.88,189.86,118.92,231.01,0.94,-1,-1,-1
308,3,402.91,220.34,96.57,197.73,0.92,-1,-1,-1
309,1,276.22,248.04,106.03,200.03,0.93,-1,-1,-1
309,2,1534.85,190.71,118.28,230.13,0.93,-1,-1,-1
309,3,397.73,220.16,96.30,197.54,0.92,-1,-1,-1
310,1,274.17,248.76,107.01,199.93,0.93,-1,-1,-1
310,2,1534.09,191.22,117.83,229.57,0.93,-1,-1,-1
310,3,391.64,220.73,95.37,196.80,0.92,-1,-1,-1
311,1,272.06,250.47,107.14,198.01,0.93,-1,-1,-1
311,2,1534.26,192.27,116.83,228.23,0.94,-1,-1,-1
311,3,386.27,221.37,94.27,196.08,0.92,-1,-1,-1
312,1,269.20,250.87,107.95,197.29,0.93,-1,-1,-1
312,2,1533.63,193.42,116.13,227.38,0.94,-1,-1,-1
312,3,381.45,220.92,93.05,196.03,0.90,-1,-1,-1
313,1,265.09,249.43,109.01,197.93,0.91,-1,-1,-1
313,2,1533.57,194.82,115.59,226.73,0.94,-1,-1,-1
313,3,375.96,220.84,91.77,196.35,0.90,-1,-1,-1
314,1,261.24,250.21,109.38,197.29,0.93,-1,-1,-1
314,2,1533.63,195.98,115.27,226.49,0.94,-1,-1,-1
314,3,373.38,221.35,90.41,195.70,0.92,-1,-1,-1
315,1,256.02,249.71,109.52,197.39,0.93,-1,-1,-1
315,2,1533.20,197.28,116.13,228.87,0.94,-1,-1,-1
315,3,371.77,221.53,89.72,195.90,0.91,-1,-1,-1
316,1,250.83,249.84,109.48,197.11,0.94,-1,-1,-1
316,2,1532.38,198.40,117.81,233.32,0.94,-1,-1,-1
316,3,369.72,222.25,89.54,195.76,0.92,-1,-1,-1
317,1,245.24,249.65,109.33,197.90,0.94,-1,-1,-1
317,2,1531.09,199.56,118.69,236.88,0.94,-1,-1,-1
317,3,367.55,223.17,89.91,196.16,0.92,-1,-1,-1
318,1,239.56,249.13,108.47,198.66,0.93,-1,-1,-1
318,2,1530.03,200.74,120.20,242.08,0.94,-1,-1,-1
318,3,364.96,223.50,90.75,196.54,0.92,-1,-1,-1
319,1,233.92,248.70,107.65,200.29,0.93,-1,-1,-1
319,2,1530.10,202.48,119.87,243.37,0.93,-1,-1,-1
319,3,362.47,223.83,91.69,196.24,0.93,-1,-1,-1
320,1,229.20,248.09,105.96,201.34,0.92,-1,-1,-1
320,2,1530.74,204.43,118.57,242.27,0.93,-1,-1,-1
320,3,360.13,224.16,92.88,196.12,0.94,-1,-1,-1
321,1,225.10,247.85,103.38,201.74,0.92,-1,-1,-1
321,2,1530.47,206.24,119.14,245.34,0.94,-1,-1,-1
321,3,358.35,224.94,94.02,195.86,0.94,-1,-1,-1
322,1,222.57,247.76,100.93,201.88,0.91,-1,-1,-1
322,2,1530.78,207.77,118.56,245.81,0.93,-1,-1,-1
322,3,355.73,224.88,95.48,196.32,0.94,-1,-1,-1
323,1,220.38,247.17,96.81,198.48,0.88,-1,-1,-1
323,2,1531.31,209.52,117.55,244.49,0.93,-1,-1,-1
323,3,352.28,225.18,96.82,195.94,0.93,-1,-1,-1
324,1,220.97,246.84,95.96,200.20,0.90,-1,-1,-1
324,2,1532.01,211.36,116.19,242.72,0.94,-1,-1,-1
324,3,349.31,225.05,98.08,195.79,0.93,-1,-1,-1
325,1,221.56,247.16,94.07,199.06,0.92,-1,-1,-1
325,2,1532.66,213.34,114.94,240.90,0.94,-1,-1,-1
325,3,345.68,224.54,99.44,196.19,0.93,-1,-1,-1
326,1,221.85,246.95,93.09,199.19,0.92,-1,-1,-1
326,2,1533.08,214.48,114.15,239.30,0.94,-1,-1,-1
326,3,341.07,224.78,100.18,195.67,0.93,-1,-1,-1
327,1,221.09,246.10,92.74,200.47,0.92,-1,-1,-1
327,2,1534.38,215.74,113.37,237.56,0.94,-1,-1,-1
327,3,336.67,224.41,100.74,195.70,0.93,-1,-1,-1
328,1,220.43,245.78,92.02,200.50,0.92,-1,-1,-1
328,2,1534.95,216.61,112.92,236.46,0.94,-1,-1,-1
328,3,332.99,224.49,100.76,195.49,0.93,-1,-1,-1
329,1,219.55,245.44,91.46,200.51,0.91,-1,-1,-1
329,2,1534.39,217.78,112.52,235.37,0.94,-1,-1,-1
329,3,328.20,224.07,100.68,195.64,0.92,-1,-1,-1
330,1,218.51,244.43,91.09,200.07,0.92,-1,-1,-1
330,2,1534.18,218.50,112.39,234.86,0.94,-1,-1,-1
330,3,323.90,224.12,100.51,196.14,0.91,-1,-1,-1
331,1,216.95,243.50,91.03,200.23,0.92,-1,-1,-1
331,2,1533.25,219.28,112.26,233.67,0.94,-1,-1,-1
331,3,320.01,224.14,99.89,196.33,0.92,-1,-1,-1
332,1,215.24,242.60,90.75,200.40,0.93,-1,-1,-1
332,2,1531.91,220.42,112.42,232.56,0.94,-1,-1,-1
332,3,316.23,224.26,99.63,198.52,0.91,-1,-1,-1
333,1,213.42,241.61,90.30,200.47,0.93,-1,-1,-1
333,2,1530.25,221.70,113.02,231.94,0.94,-1,-1,-1
333,3,312.04,224.41,99.44,201.23,0.90,-1,-1,-1
334,1,211.43,240.91,89.77,200.16,0.93,-1,-1,-1
334,2,1528.12,223.14,114.50,232.95,0.94,-1,-1,-1
334,3,307.83,224.68,98.64,203.57,0.91,-1,-1,-1
335,1,209.24,240.00,90.61,202.94,0.93,-1,-1,-1
335,2,1524.99,225.08,116.17,234.13,0.94,-1,-1,-1
335,3,305.97,224.89,97.80,205.66,0.91,-1,-1,-1
336,1,207.61,239.79,90.26,202.98,0.93,-1,-1,-1
336,2,1522.29,226.89,118.11,235.70,0.94,-1,-1,-1
336,3,304.88,225.74,96.86,206.77,0.92,-1,-1,-1
337,1,206.42,239.95,88.77,200.09,0.93,-1,-1,-1
337,2,1520.14,228.63,119.37,236.08,0.94,-1,-1,-1
337,3,304.81,226.06,95.62,206.93,0.92,-1,-1,-1
338,1,204.97,239.36,88.16,199.43,0.94,-1,-1,-1
338,2,1517.90,230.57,120.99,237.55,0.94,-1,-1,-1
338,3,305.32,226.62,94.34,206.52,0.93,-1,-1,-1
339,1,204.20,239.49,87.18,197.73,0.94,-1,-1,-1
339,2,1516.17,232.15,121.67,237.22,0.95,-1,-1,-1
339,3,305.42,226.83,93.39,206.33,0.92,-1,-1,-1
340,1,203.69,239.56,86.32,195.76,0.94,-1,-1,-1
340,2,1514.49,234.13,122.27,237.42,0.94,-1,-1,-1
340,3,305.07,226.89,92.67,206.01,0.92,-1,-1,-1
341,1,203.15,239.71,85.96,194.47,0.94,-1,-1,-1
341,2,1513.25,235.83,123.78,239.82,0.94,-1,-1,-1
341,3,305.11,227.13,92.24,206.09,0.92,-1,-1,-1
342,1,202.03,240.01,85.78,193.33,0.94,-1,-1,-1
342,2,1512.09,237.30,124.03,240.28,0.94,-1,-1,-1
342,3,304.91,227.55,91.69,205.55,0.91,-1,-1,-1
343,1,201.26,240.35,86.09,192.93,0.93,-1,-1,-1
343,2,1511.13,238.69,123.48,239.55,0.94,-1,-1,-1
343,3,304.61,228.03,91.30,204.99,0.92,-1,-1,-1
344,1,199.95,240.49,86.60,192.80,0.94,-1,-1,-1
344,2,1510.85,239.38,123.18,239.25,0.94,-1,-1,-1
344,3,304.89,228.31,90.97,204.65,0.91,-1,-1,-1
345,1,198.83,240.55,87.27,192.78,0.94,-1,-1,-1
345,2,1510.85,240.14,122.92,239.02,0.94,-1,-1,-1
345,3,304.65,228.52,90.88,204.41,0.91,-1,-1,-1
346,1,197.05,240.80,88.12,192.57,0.93,-1,-1,-1
346,2,1510.08,240.60,122.66,238.70,0.94,-1,-1,-1
346,3,304.45,229.04,90.74,203.86,0.92,-1,-1,-1
347,1,195.35,240.67,89.26,192.73,0.94,-1,-1,-1
347,2,1509.93,240.94,122.34,238.80,0.94,-1,-1,-1
347,3,304.12,229.44,90.74,203.43,0.92,-1,-1,-1
348,1,193.95,240.63,90.42,192.81,0.94,-1,-1,-1
348,2,1509.19,241.36,121.87,238.49,0.94,-1,-1,-1
348,3,304.00,229.81,90.84,203.26,0.92,-1,-1,-1
349,1,192.96,240.61,91.68,193.08,0.94,-1,-1,-1
349,2,1509.15,241.69,121.28,238.38,0.94,-1,-1,-1
349,3,304.01,230.05,90.84,202.86,0.92,-1,-1,-1
350,1,192.12,240.61,92.74,192.97,0.94,-1,-1,-1
350,2,1508.52,242.23,120.57,237.88,0.94,-1,-1,-1
350,3,304.08,230.12,90.92,202.72,0.92,-1,-1,-1
351,1,191.39,240.61,93.82,192.94,0.94,-1,-1,-1
351,2,1508.24,243.28,120.46,238.59,0.94,-1,-1,-1
351,3,304.29,230.25,90.87,202.33,0.92,-1,-1,-1
352,1,190.44,240.39,95.00,193.16,0.94,-1,-1,-1
352,2,1507.15,245.32,122.43,244.09,0.94,-1,-1,-1
352,3,304.62,230.18,90.96,202.52,0.92,-1,-1,-1
353,1,189.37,240.08,96.27,193.47,0.94,-1,-1,-1
353,2,1506.36,247.26,123.99,248.47,0.94,-1,-1,-1
353,3,304.90,230.48,90.75,202.26,0.92,-1,-1,-1
354,1,188.37,239.97,97.57,193.82,0.94,-1,-1,-1
354,2,1505.25,249.07,126.24,255.41,0.94,-1,-1,-1
354,3,305.32,230.47,90.64,202.28,0.92,-1,-1,-1
355,1,187.77,239.82,98.80,194.07,0.94,-1,-1,-1
355,2,1504.12,251.04,126.79,258.90,0.94,-1,-1,-1
355,3,305.40,230.46,90.35,202.29,0.91,-1,-1,-1
356,1,187.69,239.88,99.93,194.05,0.94,-1,-1,-1
356,2,1504.21,252.64,125.99,259.31,0.94,-1,-1,-1
356,3,305.52,230.56,90.08,202.63,0.91,-1,-1,-1
357,1,188.05,239.91,101.18,194.05,0.94,-1,-1,-1
357,2,1504.18,254.97,125.86,261.16,0.94,-1,-1,-1
357,3,305.90,230.70,89.56,202.65,0.91,-1,-1,-1
358,1,188.77,239.70,102.54,194.05,0.95,-1,-1,-1
358,2,1504.57,257.13,125.05,261.36,0.94,-1,-1,-1
358,3,306.75,230.97,88.98,202.43,0.91,-1,-1,-1
359,1,189.64,239.51,104.11,194.38,0.95,-1,-1,-1
359,2,1505.35,259.45,123.51,259.60,0.94,-1,-1,-1
359,3,307.84,230.73,88.70,202.91,0.91,-1,-1,-1
360,1,191.42,239.11,106.05,195.07,0.95,-1,-1,-1
360,2,1505.95,260.72,122.35,258.43,0.94,-1,-1,-1
360,3,308.47,230.41,88.06,202.64,0.91,-1,-1,-1
361,1,193.26,239.63,107.34,194.43,0.95,-1,-1,-1
361,2,1506.36,261.81,121.58,257.93,0.94,-1,-1,-1
361,3,309.04,230.51,87.16,201.87,0.91,-1,-1,-1
362,1,195.39,240.16,108.96,194.30,0.95,-1,-1,-1
362,2,1506.86,262.83,120.63,256.82,0.94,-1,-1,-1
362,3,310.27,230.09,87.13,202.93,0.91,-1,-1,-1
363,1,198.44,240.92,110.37,193.25,0.95,-1,-1,-1
363,2,1507.05,263.60,120.29,256.37,0.95,-1,-1,-1
363,3,311.72,229.93,87.15,203.99,0.91,-1,-1,-1
364,1,201.21,241.43,111.63,192.40,0.95,-1,-1,-1
364,2,1507.44,264.51,119.54,254.84,0.94,-1,-1,-1
364,3,315.13,229.76,87.31,204.28,0.91,-1,-1,-1
365,1,203.06,242.07,112.86,191.87,0.95,-1,-1,-1
365,2,1507.70,265.24,119.06,253.80,0.94,-1,-1,-1
365,3,317.59,229.59,88.13,205.16,0.91,-1,-1,-1
366,1,204.64,242.30,113.91,191.68,0.95,-1,-1,-1
366,2,1507.80,266.14,118.88,253.40,0.94,-1,-1,-1
366,3,320.76,229.85,88.36,203.60,0.91,-1,-1,-1
367,1,206.30,242.72,114.94,191.72,0.94,-1,-1,-1
367,2,1507.10,267.77,118.53,251.90,0.94,-1,-1,-1
367,3,323.85,230.29,88.62,201.32,0.92,-1,-1,-1
368,1,208.02,242.87,115.71,191.75,0.95,-1,-1,-1
368,2,1505.10,269.00,118.30,249.99,0.94,-1,-1,-1
368,3,326.23,230.90,89.33,200.02,0.91,-1,-1,-1
369,1,210.05,242.58,116.24,191.88,0.94,-1,-1,-1
369,2,1501.50,270.99,118.55,247.93,0.95,-1,-1,-1
369,3,327.36,230.68,90.81,200.43,0.91,-1,-1,-1
370,1,211.21,241.91,117.08,193.16,0.94,-1,-1,-1
370,2,1497.75,271.90,119.91,248.07,0.95,-1,-1,-1
370,3,327.81,230.60,92.08,200.82,0.91,-1,-1,-1
371,1,212.91,241.31,117.42,193.98,0.94,-1,-1,-1
371,2,1493.61,273.09,122.36,249.93,0.95,-1,-1,-1
371,3,327.96,230.78,92.92,200.76,0.92,-1,-1,-1
372,1,213.97,240.42,117.92,195.41,0.94,-1,-1,-1
372,2,1489.58,274.38,124.74,251.54,0.95,-1,-1,-1
372,3,328.03,230.74,93.90,201.52,0.91,-1,-1,-1
373,1,215.24,239.53,118.23,196.94,0.94,-1,-1,-1
373,2,1486.00,275.83,126.31,250.48,0.95,-1,-1,-1
373,3,328.56,230.83,94.15,201.03,0.92,-1,-1,-1
374,1,216.88,238.86,117.91,197.62,0.94,-1,-1,-1
374,2,1482.48,277.77,127.76,249.52,0.95,-1,-1,-1
374,3,328.72,231.09,94.67,201.30,0.92,-1,-1,-1
375,1,219.46,238.39,116.41,196.75,0.94,-1,-1,-1
375,2,1480.04,279.57,128.88,248.71,0.95,-1,-1,-1
375,3,329.49,231.41,94.68,200.73,0.92,-1,-1,-1
376,1,221.21,238.11,115.52,197.19,0.94,-1,-1,-1
376,2,1478.02,281.31,129.84,248.42,0.95,-1,-1,-1
376,3,330.17,231.52,95.06,201.19,0.92,-1,-1,-1
377,1,222.94,237.91,113.81,196.34,0.93,-1,-1,-1
377,2,1478.18,282.81,130.29,248.32,0.94,-1,-1,-1
377,3,331.95,232.01,94.52,200.03,0.93,-1,-1,-1
378,1,224.71,238.06,112.36,196.01,0.93,-1,-1,-1
378,2,1479.18,283.87,130.50,249.52,0.94,-1,-1,-1
378,3,333.20,232.30,94.20,199.70,0.93,-1,-1,-1
379,1,226.03,238.13,111.06,196.10,0.93,-1,-1,-1
379,2,1477.80,284.78,130.62,250.53,0.94,-1,-1,-1
379,3,334.29,232.51,93.76,199.03,0.93,-1,-1,-1
380,1,227.06,237.83,110.06,196.69,0.93,-1,-1,-1
380,2,1477.96,285.73,129.39,249.14,0.94,-1,-1,-1
380,3,335.00,232.59,93.45,198.79,0.92,-1,-1,-1
381,1,227.71,237.83,109.07,197.02,0.93,-1,-1,-1
381,2,1477.44,286.04,128.40,248.61,0.93,-1,-1,-1
381,3,336.21,232.94,92.62,197.92,0.92,-1,-1,-1
382,1,228.33,237.84,108.06,197.13,0.94,-1,-1,-1
382,2,1476.71,286.33,127.40,248.42,0.93,-1,-1,-1
382,3,337.15,233.30,91.68,196.93,0.92,-1,-1,-1
383,1,228.80,237.85,107.12,197.17,0.94,-1,-1,-1
383,2,1475.12,287.29,126.16,247.46,0.93,-1,-1,-1
383,3,338.13,233.42,90.90,196.58,0.92,-1,-1,-1
384,1,229.07,237.86,106.28,197.18,0.94,-1,-1,-1
384,2,1473.97,288.28,125.10,246.65,0.93,-1,-1,-1
384,3,339.07,233.35,90.29,196.79,0.92,-1,-1,-1
385,1,229.19,237.98,105.63,197.29,0.94,-1,-1,-1
385,2,1472.79,288.72,124.52,246.70,0.93,-1,-1,-1
385,3,339.87,233.31,89.54,196.66,0.92,-1,-1,-1
386,1,229.46,238.14,104.65,196.54,0.94,-1,-1,-1
386,2,1470.54,289.18,124.41,247.73,0.93,-1,-1,-1
386,3,340.34,233.29,88.97,196.85,0.92,-1,-1,-1
387,1,229.38,238.21,104.14,196.48,0.94,-1,-1,-1
387,2,1469.02,289.98,124.05,248.13,0.93,-1,-1,-1
387,3,341.11,233.28,88.29,196.93,0.92,-1,-1,-1
388,1,229.34,238.68,103.49,195.79,0.94,-1,-1,-1
388,2,1466.86,290.70,125.40,251.85,0.93,-1,-1,-1
388,3,341.98,233.05,87.72,197.42,0.92,-1,-1,-1
389,1,229.03,238.86,103.12,195.30,0.94,-1,-1,-1
389,2,1464.62,291.82,127.09,257.24,0.93,-1,-1,-1
389,3,342.78,233.18,86.93,197.39,0.92,-1,-1,-1
390,1,228.76,238.93,103.02,195.34,0.94,-1,-1,-1
390,2,1463.68,293.10,126.25,257.07,0.93,-1,-1,-1
390,3,343.71,233.23,86.23,197.38,0.92,-1,-1,-1
391,1,228.62,239.18,102.83,195.14,0.94,-1,-1,-1
391,2,1464.42,294.66,123.83,252.97,0.93,-1,-1,-1
391,3,344.75,233.24,85.43,196.94,0.92,-1,-1,-1
392,1,228.27,239.04,102.87,195.29,0.94,-1,-1,-1
392,2,1463.14,295.44,124.38,255.40,0.93,-1,-1,-1
392,3,345.67,233.25,84.91,197.22,0.92,-1,-1,-1
393,1,227.98,239.55,102.76,195.01,0.94,-1,-1,-1
393,2,1461.80,296.59,124.61,257.18,0.93,-1,-1,-1
393,3,346.43,233.36,84.28,197.22,0.91,-1,-1,-1
394,1,227.81,240.08,102.61,194.58,0.94,-1,-1,-1
394,2,1460.72,298.09,124.16,257.40,0.92,-1,-1,-1
394,3,346.97,233.62,83.49,197.00,0.91,-1,-1,-1
395,1,227.88,240.72,102.26,193.75,0.94,-1,-1,-1
395,2,1459.94,299.96,123.06,256.56,0.92,-1,-1,-1
395,3,347.13,233.60,82.79,196.81,0.91,-1,-1,-1
396,1,227.94,241.40,101.85,192.77,0.94,-1,-1,-1
396,2,1459.63,301.63,122.77,257.45,0.92,-1,-1,-1
396,3,347.14,233.59,82.12,196.52,0.91,-1,-1,-1
397,1,227.88,241.87,101.86,192.63,0.94,-1,-1,-1
397,2,1458.91,302.88,122.19,257.55,0.92,-1,-1,-1
397,3,346.83,233.59,81.59,196.41,0.91,-1,-1,-1
398,1,228.23,242.26,102.00,192.37,0.94,-1,-1,-1
398,2,1458.16,304.76,121.22,256.56,0.92,-1,-1,-1
398,3,346.56,233.58,81.20,196.60,0.91,-1,-1,-1
399,1,229.15,242.40,102.50,192.50,0.93,-1,-1,-1
399,2,1455.97,306.31,121.20,257.07,0.91,-1,-1,-1
399,3,346.33,233.69,80.86,196.79,0.91,-1,-1,-1
400,1,230.41,242.44,103.31,192.79,0.94,-1,-1,-1
400,2,1455.40,307.52,118.98,251.45,0.91,-1,-1,-1
400,3,347.04,233.51,80.46,197.08,0.90,-1,-1,-1
401,1,232.23,242.67,104.03,192.68,0.94,-1,-1,-1
401,2,1452.85,309.27,119.33,251.11,0.91,-1,-1,-1
401,3,346.27,233.43,80.13,196.75,0.91,-1,-1,-1
402,1,233.56,242.63,105.00,193.20,0.94,-1,-1,-1
402,2,1450.39,310.99,119.01,249.20,0.91,-1,-1,-1
402,3,346.16,233.29,80.09,196.96,0.91,-1,-1,-1
403,1,234.22,242.95,105.67,193.74,0.94,-1,-1,-1
403,2,1448.99,311.80,119.94,250.29,0.91,-1,-1,-1
403,3,345.59,233.02,80.22,197.49,0.91,-1,-1,-1
404,1,234.82,243.39,106.06,193.84,0.94,-1,-1,-1
404,2,1447.80,312.95,119.97,249.37,0.91,-1,-1,-1
404,3,344.89,233.14,80.36,197.69,0.92,-1,-1,-1
405,1,235.50,244.33,105.90,193.09,0.94,-1,-1,-1
405,2,1445.14,313.78,120.93,249.49,0.90,-1,-1,-1
405,3,344.49,233.18,80.68,198.43,0.91,-1,-1,-1
406,1,236.49,244.45,105.89,193.03,0.94,-1,-1,-1
406,2,1443.25,314.71,121.40,248.65,0.91,-1,-1,-1
406,3,343.79,232.98,81.01,198.93,0.91,-1,-1,-1
407,1,236.99,244.49,106.03,193.46,0.94,-1,-1,-1
407,2,1440.85,316.14,121.49,247.01,0.91,-1,-1,-1
407,3,343.16,232.90,81.09,198.67,0.91,-1,-1,-1
408,1,237.71,244.93,105.63,192.96,0.94,-1,-1,-1
408,2,1438.88,317.29,122.00,246.41,0.91,-1,-1,-1
408,3,342.90,232.54,81.51,199.35,0.91,-1,-1,-1
409,1,238.32,245.32,105.18,192.55,0.94,-1,-1,-1
409,2,1436.81,318.35,123.20,247.55,0.91,-1,-1,-1
409,3,341.75,232.29,81.90,199.26,0.91,-1,-1,-1
410,1,238.83,245.11,105.30,193.40,0.94,-1,-1,-1
410,2,1434.21,319.48,123.82,246.99,0.91,-1,-1,-1
410,3,340.33,232.42,82.37,199.00,0.91,-1,-1,-1
411,1,239.73,245.14,104.78,193.17,0.93,-1,-1,-1
411,2,1430.64,320.20,125.80,249.14,0.90,-1,-1,-1
411,3,339.47,232.25,83.09,199.57,0.92,-1,-1,-1
412,1,240.60,244.92,104.35,193.52,0.93,-1,-1,-1
412,2,1427.72,321.09,126.27,248.17,0.90,-1,-1,-1
412,3,338.74,231.97,83.76,199.77,0.92,-1,-1,-1
413,1,241.85,244.71,103.86,193.99,0.94,-1,-1,-1
413,2,1423.63,322.06,127.20,247.81,0.90,-1,-1,-1
413,3,338.27,231.75,84.43,200.18,0.92,-1,-1,-1
414,1,242.76,244.96,103.42,194.28,0.93,-1,-1,-1
414,2,1420.47,323.05,127.37,245.90,0.90,-1,-1,-1
414,3,337.51,231.90,84.99,200.11,0.92,-1,-1,-1
415,1,243.58,244.83,103.59,195.50,0.93,-1,-1,-1
415,2,1418.00,324.05,128.37,246.53,0.90,-1,-1,-1
415,3,336.72,231.85,86.01,200.63,0.92,-1,-1,-1
416,1,244.39,244.66,103.94,196.96,0.92,-1,-1,-1
416,2,1415.08,325.27,127.53,243.21,0.91,-1,-1,-1
416,3,334.91,231.83,87.10,201.04,0.91,-1,-1,-1
417,1,246.57,244.71,104.47,197.84,0.92,-1,-1,-1
417,2,1411.94,326.81,127.87,242.41,0.90,-1,-1,-1
417,3,333.85,231.49,88.41,202.19,0.91,-1,-1,-1
418,1,246.91,244.72,105.39,200.15,0.91,-1,-1,-1
418,2,1409.99,328.24,127.96,241.69,0.90,-1,-1,-1
418,3,333.58,231.26,89.12,202.73,0.91,-1,-1,-1
419,1,247.78,244.95,105.95,201.46,0.92,-1,-1,-1
419,2,1406.37,328.62,128.55,242.68,0.89,-1,-1,-1
419,3,332.53,230.73,89.99,203.36,0.91,-1,-1,-1
420,1,247.21,245.25,106.90,203.71,0.93,-1,-1,-1
420,2,1403.53,329.06,128.36,243.18,0.89,-1,-1,-1
420,3,331.38,230.42,90.41,202.81,0.91,-1,-1,-1
421,1,247.44,245.36,107.31,204.54,0.92,-1,-1,-1
421,2,1401.19,329.18,129.21,246.51,0.89,-1,-1,-1
421,3,330.42,230.20,91.21,203.37,0.91,-1,-1,-1
422,1,246.53,245.62,107.17,204.82,0.92,-1,-1,-1
422,2,1397.28,329.19,130.45,250.88,0.89,-1,-1,-1
422,3,329.84,230.34,91.52,202.68,0.91,-1,-1,-1
423,1,246.06,245.94,106.66,204.45,0.92,-1,-1,-1
423,2,1393.31,329.39,130.74,253.42,0.89,-1,-1,-1
423,3,329.57,230.18,91.79,201.96,0.91,-1,-1,-1
424,1,245.06,246.05,106.05,204.28,0.92,-1,-1,-1
424,2,1389.54,328.99,130.24,254.81,0.89,-1,-1,-1
424,3,328.89,229.90,92.63,202.80,0.91,-1,-1,-1
425,1,243.90,245.98,105.79,204.97,0.92,-1,-1,-1
425,2,1386.95,329.03,129.01,254.43,0.89,-1,-1,-1
425,3,328.16,229.58,93.48,204.00,0.91,-1,-1,-1
426,1,243.10,246.06,105.07,204.88,0.93,-1,-1,-1
426,2,1383.69,329.25,127.97,254.25,0.89,-1,-1,-1
426,3,327.78,229.24,94.04,204.67,0.92,-1,-1,-1
427,1,242.47,246.20,104.32,204.49,0.93,-1,-1,-1
427,2,1381.17,329.31,126.82,254.16,0.89,-1,-1,-1
427,3,327.32,228.57,94.48,205.02,0.92,-1,-1,-1
428,1,242.03,246.80,103.56,203.76,0.93,-1,-1,-1
428,2,1378.53,329.75,124.64,251.43,0.89,-1,-1,-1
428,3,326.69,228.32,94.69,204.70,0.92,-1,-1,-1
429,1,241.70,247.02,102.93,203.03,0.93,-1,-1,-1
429,2,1376.48,330.80,122.12,247.25,0.90,-1,-1,-1
429,3,326.06,228.12,95.14,204.90,0.92,-1,-1,-1
430,1,241.27,247.44,102.44,202.40,0.93,-1,-1,-1
430,2,1373.43,331.17,121.06,246.12,0.90,-1,-1,-1
430,3,325.59,228.06,95.46,204.74,0.92,-1,-1,-1
431,1,240.82,247.92,102.18,202.05,0.93,-1,-1,-1
431,2,1371.27,331.51,119.34,242.57,0.90,-1,-1,-1
431,3,325.03,228.04,95.82,204.89,0.92,-1,-1,-1
432,1,240.64,248.32,101.90,201.47,0.93,-1,-1,-1
432,2,1368.61,332.41,117.26,237.77,0.90,-1,-1,-1
432,3,323.72,227.71,96.41,205.05,0.92,-1,-1,-1
433,1,240.20,248.68,101.91,201.25,0.93,-1,-1,-1
433,2,1366.27,333.51,115.82,234.09,0.90,-1,-1,-1
433,3,322.88,227.93,96.89,204.77,0.92,-1,-1,-1
434,1,239.99,249.59,101.57,200.16,0.93,-1,-1,-1
434,2,1363.25,334.46,113.98,228.37,0.91,-1,-1,-1
434,3,322.17,227.79,97.34,204.66,0.92,-1,-1,-1
435,1,239.81,249.70,101.45,199.53,0.93,-1,-1,-1
435,2,1359.01,336.27,114.37,227.57,0.91,-1,-1,-1
435,3,321.98,227.53,97.85,204.61,0.92,-1,-1,-1
436,1,239.56,250.51,101.34,198.74,0.93,-1,-1,-1
436,2,1355.37,337.80,115.75,228.70,0.91,-1,-1,-1
436,3,321.71,227.54,98.12,204.48,0.92,-1,-1,-1
437,1,238.92,250.80,101.53,198.45,0.93,-1,-1,-1
437,2,1350.00,338.79,117.38,230.08,0.91,-1,-1,-1
437,3,321.79,227.56,98.33,204.42,0.92,-1,-1,-1
438,1,238.37,250.90,101.80,198.36,0.93,-1,-1,-1
438,2,1345.02,340.59,119.23,231.88,0.91,-1,-1,-1
438,3,321.65,227.57,98.68,204.85,0.91,-1,-1,-1
439,1,237.85,251.48,101.88,197.55,0.93,-1,-1,-1
439,2,1339.71,342.23,120.83,233.15,0.90,-1,-1,-1
439,3,321.23,227.69,99.12,205.11,0.92,-1,-1,-1
440,1,237.40,251.68,102.23,197.25,0.93,-1,-1,-1
440,2,1335.02,344.60,120.37,229.65,0.91,-1,-1,-1
440,3,322.25,227.85,99.29,204.88,0.92,-1,-1,-1
441,1,236.78,251.86,102.84,197.49,0.93,-1,-1,-1
441,2,1329.12,347.02,123.37,233.29,0.90,-1,-1,-1
441,3,324.43,228.03,98.90,203.78,0.92,-1,-1,-1
442,1,236.06,252.02,103.39,197.48,0.93,-1,-1,-1
442,2,1323.95,349.21,124.90,234.66,0.90,-1,-1,-1
442,3,326.59,228.10,98.43,202.47,0.92,-1,-1,-1
443,1,235.61,252.41,103.78,197.15,0.93,-1,-1,-1
443,2,1319.36,350.44,127.93,239.20,0.90,-1,-1,-1
443,3,329.08,228.12,98.26,201.53,0.92,-1,-1,-1
444,1,235.27,252.54,104.29,197.04,0.93,-1,-1,-1
444,2,1314.45,351.30,129.47,241.36,0.90,-1,-1,-1
444,3,331.53,227.91,98.37,200.96,0.92,-1,-1,-1
445,1,234.86,252.58,104.85,197.00,0.93,-1,-1,-1
445,2,1310.53,352.01,130.48,243.06,0.90,-1,-1,-1
445,3,333.66,227.94,98.53,200.20,0.92,-1,-1,-1
446,1,234.55,252.70,105.38,196.89,0.93,-1,-1,-1
446,2,1306.80,352.68,132.06,246.78,0.90,-1,-1,-1
446,3,335.14,228.07,98.96,199.81,0.93,-1,-1,-1
447,1,233.80,252.39,105.99,196.96,0.94,-1,-1,-1
447,2,1304.90,353.55,131.24,246.41,0.90,-1,-1,-1
447,3,336.04,228.01,99.36,199.35,0.93,-1,-1,-1
448,1,233.01,252.27,106.58,197.00,0.94,-1,-1,-1
448,2,1304.32,354.28,130.04,245.34,0.89,-1,-1,-1
448,3,337.25,228.09,99.93,199.07,0.93,-1,-1,-1
449,1,232.57,252.44,107.11,197.02,0.94,-1,-1,-1
449,2,1302.56,355.62,130.27,248.02,0.89,-1,-1,-1
449,3,337.96,228.13,100.43,198.76,0.93,-1,-1,-1
450,1,232.31,251.94,107.30,196.69,0.94,-1,-1,-1
450,2,1298.45,356.53,133.04,256.09,0.88,-1,-1,-1
450,3,339.79,228.14,100.56,198.44,0.93,-1,-1,-1
451,1,231.09,252.19,107.19,196.58,0.94,-1,-1,-1
451,2,1292.58,357.50,135.87,264.38,0.86,-1,-1,-1
451,3,341.16,228.37,100.39,197.88,0.93,-1,-1,-1
452,1,229.70,252.40,107.02,196.87,0.94,-1,-1,-1
452,2,1288.40,358.93,136.20,268.39,0.86,-1,-1,-1
452,3,342.01,228.23,100.46,198.13,0.93,-1,-1,-1
453,1,229.68,252.25,106.88,196.99,0.94,-1,-1,-1
453,2,1284.01,360.32,137.29,273.81,0.85,-1,-1,-1
453,3,342.96,228.18,100.13,197.79,0.93,-1,-1,-1
454,1,230.23,252.41,107.08,197.49,0.94,-1,-1,-1
454,2,1280.89,362.57,137.27,277.56,0.86,-1,-1,-1
454,3,343.91,228.05,99.65,197.34,0.93,-1,-1,-1
455,1,231.15,252.24,107.33,197.67,0.94,-1,-1,-1
455,2,1279.99,364.93,133.84,274.09,0.86,-1,-1,-1
455,3,344.96,227.89,99.32,197.74,0.93,-1,-1,-1
456,1,231.62,252.18,107.86,198.19,0.93,-1,-1,-1
456,2,1278.38,366.89,130.01,269.52,0.85,-1,-1,-1
456,3,346.47,227.94,98.69,197.79,0.93,-1,-1,-1
457,1,232.34,251.71,108.56,198.83,0.93,-1,-1,-1
457,2,1275.27,368.48,127.57,267.69,0.84,-1,-1,-1
457,3,347.94,228.07,97.90,197.49,0.93,-1,-1,-1
458,1,233.76,251.53,108.97,198.62,0.93,-1,-1,-1
458,2,1259.87,369.91,128.18,265.61,0.82,-1,-1,-1
458,3,349.56,228.12,96.72,196.71,0.93,-1,-1,-1
459,1,234.93,251.46,109.42,198.54,0.93,-1,-1,-1
459,2,1248.42,371.96,128.80,261.66,0.92,-1,-1,-1
459,3,351.03,227.92,95.84,196.65,0.93,-1,-1,-1
460,1,235.67,251.21,109.97,198.51,0.93,-1,-1,-1
460,2,1240.83,373.12,129.68,259.24,0.91,-1,-1,-1
460,3,353.85,227.62,94.89,196.86,0.93,-1,-1,-1
461,1,235.26,250.90,110.99,199.83,0.92,-1,-1,-1
461,2,1236.74,373.50,131.15,259.67,0.91,-1,-1,-1
461,3,355.61,228.17,93.96,196.28,0.92,-1,-1,-1
462,1,236.13,250.89,111.73,199.99,0.93,-1,-1,-1
462,2,1233.64,373.81,131.65,259.38,0.91,-1,-1,-1
462,3,357.86,228.61,93.46,196.52,0.92,-1,-1,-1
463,1,235.39,250.89,112.79,201.38,0.93,-1,-1,-1
463,2,1231.83,374.10,131.74,258.82,0.91,-1,-1,-1
463,3,360.59,228.77,92.99,196.39,0.92,-1,-1,-1
464,1,234.75,251.12,112.77,200.78,0.92,-1,-1,-1
464,2,1229.63,374.38,131.64,258.16,0.92,-1,-1,-1
464,3,363.12,229.06,92.39,195.68,0.92,-1,-1,-1
465,1,233.89,251.54,113.40,201.10,0.92,-1,-1,-1
465,2,1227.86,374.89,131.14,257.47,0.93,-1,-1,-1
465,3,364.89,229.16,92.20,196.31,0.92,-1,-1,-1
466,1,232.17,251.37,114.96,203.33,0.92,-1,-1,-1
466,2,1226.84,375.71,130.23,256.32,0.93,-1,-1,-1
466,3,367.50,229.75,91.70,196.45,0.92,-1,-1,-1
467,1,229.88,251.41,115.06,202.94,0.93,-1,-1,-1
467,2,1225.03,376.21,129.47,255.90,0.93,-1,-1,-1
467,3,369.53,230.08,91.53,197.96,0.93,-1,-1,-1
468,1,227.88,251.32,116.01,204.00,0.93,-1,-1,-1
468,2,1222.50,376.58,128.70,255.30,0.93,-1,-1,-1
468,3,372.03,230.54,90.55,197.52,0.93,-1,-1,-1
469,1,226.46,251.50,116.83,204.16,0.94,-1,-1,-1
469,2,1218.68,377.36,128.18,254.19,0.94,-1,-1,-1
469,3,373.93,230.81,89.92,197.92,0.93,-1,-1,-1
470,1,224.47,251.69,116.72,202.32,0.94,-1,-1,-1
470,2,1214.52,378.51,128.33,253.34,0.93,-1,-1,-1
470,3,375.35,230.35,89.50,198.84,0.93,-1,-1,-1
471,1,222.67,252.20,116.79,200.26,0.94,-1,-1,-1
471,2,1207.50,378.92,135.10,266.92,0.93,-1,-1,-1
471,3,377.02,230.28,88.28,197.97,0.93,-1,-1,-1
472,1,219.65,252.84,117.31,199.03,0.94,-1,-1,-1
472,2,1201.65,380.36,139.00,275.00,0.94,-1,-1,-1
472,3,379.32,230.47,87.03,197.18,0.92,-1,-1,-1
473,1,216.31,253.30,118.16,198.58,0.95,-1,-1,-1
473,2,1196.60,381.77,141.09,279.41,0.93,-1,-1,-1
473,3,381.41,230.99,86.22,197.78,0.93,-1,-1,-1
474,1,211.99,254.36,118.88,198.41,0.95,-1,-1,-1
474,2,1193.02,383.82,141.04,279.30,0.93,-1,-1,-1
474,3,383.74,231.18,85.39,198.45,0.93,-1,-1,-1
475,1,205.86,255.54,119.54,199.14,0.95,-1,-1,-1
475,2,1189.06,386.12,142.05,281.38,0.93,-1,-1,-1
475,3,387.04,231.46,83.68,196.70,0.93,-1,-1,-1
476,1,200.68,256.97,119.41,198.20,0.95,-1,-1,-1
476,2,1185.88,388.28,142.52,282.10,0.93,-1,-1,-1
476,3,391.53,232.01,83.56,196.93,0.93,-1,-1,-1
477,1,197.25,259.06,119.32,196.51,0.94,-1,-1,-1
477,2,1182.20,390.61,143.48,284.08,0.94,-1,-1,-1
477,3,395.64,232.44,83.46,195.90,0.93,-1,-1,-1
478,1,194.71,261.06,119.53,194.64,0.95,-1,-1,-1
478,2,1179.59,392.11,143.85,285.21,0.94,-1,-1,-1
478,3,398.55,233.48,83.67,194.85,0.93,-1,-1,-1
479,1,190.76,262.79,120.84,193.85,0.94,-1,-1,-1
479,2,1177.09,393.52,143.72,285.57,0.93,-1,-1,-1
479,3,400.38,234.31,84.34,194.23,0.93,-1,-1,-1
480,1,186.85,263.74,122.81,193.69,0.94,-1,-1,-1
480,2,1175.30,395.33,142.08,282.99,0.93,-1,-1,-1
480,3,401.72,235.39,85.33,194.13,0.93,-1,-1,-1
481,1,183.16,264.40,124.66,193.09,0.94,-1,-1,-1
481,2,1174.77,397.30,139.64,278.82,0.94,-1,-1,-1
481,3,402.95,236.12,86.33,194.66,0.93,-1,-1,-1
482,1,177.59,265.17,125.82,191.65,0.94,-1,-1,-1
482,2,1174.48,398.21,138.26,277.20,0.94,-1,-1,-1
482,3,403.83,236.15,86.59,193.97,0.93,-1,-1,-1
483,1,171.13,265.65,126.94,190.91,0.95,-1,-1,-1
483,2,1173.97,399.17,136.98,276.12,0.93,-1,-1,-1
483,3,404.27,236.59,86.75,193.28,0.92,-1,-1,-1
484,1,163.73,265.01,128.27,191.67,0.94,-1,-1,-1
484,2,1173.93,400.14,135.54,274.37,0.93,-1,-1,-1
484,3,403.63,236.29,88.26,195.48,0.92,-1,-1,-1
485,1,155.79,264.96,128.89,191.97,0.94,-1,-1,-1
485,2,1173.59,401.13,134.05,272.80,0.93,-1,-1,-1
485,3,403.83,236.16,89.15,196.76,0.92,-1,-1,-1
486,1,147.39,264.14,129.80,193.78,0.94,-1,-1,-1
486,2,1172.66,402.34,132.61,271.32,0.93,-1,-1,-1
486,3,404.41,235.66,89.68,197.47,0.92,-1,-1,-1
487,1,138.54,264.15,129.67,194.58,0.94,-1,-1,-1
487,2,1170.34,403.42,131.70,270.78,0.93,-1,-1,-1
487,3,404.59,235.46,90.29,198.18,0.91,-1,-1,-1
488,1,131.83,264.35,128.09,194.45,0.93,-1,-1,-1
488,2,1165.82,404.22,131.67,270.58,0.93,-1,-1,-1
488,3,405.85,235.26,90.26,197.88,0.90,-1,-1,-1
489,1,125.60,264.64,130.34,200.19,0.92,-1,-1,-1
489,2,1159.35,405.59,131.55,268.29,0.94,-1,-1,-1
489,3,408.27,235.29,90.25,197.65,0.90,-1,-1,-1
490,1,122.61,266.06,129.04,199.26,0.92,-1,-1,-1
490,2,1153.16,407.85,132.04,266.54,0.94,-1,-1,-1
490,3,412.94,235.97,89.78,196.22,0.90,-1,-1,-1
491,1,120.30,267.82,129.10,199.87,0.91,-1,-1,-1
491,2,1146.66,409.77,133.65,266.36,0.94,-1,-1,-1
491,3,417.47,236.44,90.65,196.79,0.91,-1,-1,-1
492,1,116.92,270.02,131.17,203.42,0.90,-1,-1,-1
492,2,1139.68,411.78,135.55,266.32,0.94,-1,-1,-1
492,3,424.69,237.72,91.37,195.89,0.93,-1,-1,-1
493,1,113.77,271.60,131.13,202.20,0.88,-1,-1,-1
493,2,1134.48,414.05,137.23,265.88,0.94,-1,-1,-1
493,3,434.64,239.09,92.24,194.88,0.93,-1,-1,-1
494,1,111.75,273.51,129.14,196.81,0.88,-1,-1,-1
494,2,1128.71,415.29,139.53,266.63,0.94,-1,-1,-1
494,3,444.08,240.49,93.47,194.06,0.93,-1,-1,-1
494,4,132.90,320.42,82.01,168.48,0.75,-1,-1,-1
495,1,106.17,275.77,133.45,201.02,0.87,-1,-1,-1
495,2,1124.97,416.37,141.16,266.93,0.94,-1,-1,-1
495,3,454.25,241.67,94.26,193.08,0.94,-1,-1,-1
495,4,136.60,322.51,81.96,167.27,0.52,-1,-1,-1
496,1,99.03,278.23,137.94,206.45,0.88,-1,-1,-1
496,2,1121.92,418.28,141.77,266.17,0.94,-1,-1,-1
496,3,462.80,242.76,95.06,192.95,0.94,-1,-1,-1
496,4,134.80,322.96,82.54,166.85,0.23,-1,-1,-1
497,1,92.78,279.91,140.39,207.72,0.90,-1,-1,-1
497,2,1118.31,419.84,143.66,269.47,0.94,-1,-1,-1
497,3,467.38,243.93,96.70,193.92,0.94,-1,-1,-1
497,4,136.29,321.40,84.51,168.15,0.12,-1,-1,-1
498,1,86.44,281.83,142.10,208.62,0.90,-1,-1,-1
498,2,1115.04,421.04,144.89,272.27,0.93,-1,-1,-1
498,3,469.26,244.46,98.39,195.07,0.94,-1,-1,-1
498,4,139.15,312.09,82.34,160.81,0.13,-1,-1,-1
499,1,77.03,283.28,142.10,209.04,0.86,-1,-1,-1
499,2,1112.69,422.10,145.19,273.56,0.94,-1,-1,-1
499,3,470.58,244.96,100.06,196.07,0.94,-1,-1,-1
500,1,72.80,284.01,142.52,208.05,0.90,-1,-1,-1
500,2,1110.68,422.22,145.14,274.70,0.93,-1,-1,-1
500,3,471.23,245.68,100.91,195.67,0.94,-1,-1,-1
501,1,63.27,283.79,142.93,208.53,0.88,-1,-1,-1
501,2,1108.63,422.22,144.38,275.11,0.94,-1,-1,-1
501,3,472.12,244.92,101.80,196.29,0.94,-1,-1,-1
502,1,53.37,283.66,141.97,207.79,0.93,-1,-1,-1
502,2,1107.74,422.84,142.80,274.14,0.94,-1,-1,-1
502,3,474.90,244.84,101.83,196.75,0.94,-1,-1,-1
503,1,44.94,283.23,140.69,207.16,0.94,-1,-1,-1
503,2,1107.65,423.47,141.05,273.31,0.94,-1,-1,-1
503,3,478.30,244.23,100.83,196.36,0.94,-1,-1,-1
504,1,36.36,282.25,139.68,207.90,0.93,-1,-1,-1
504,2,1106.92,423.89,139.34,272.76,0.94,-1,-1,-1
504,3,483.47,244.31,98.62,195.21,0.92,-1,-1,-1
505,1,30.21,282.18,138.85,208.05,0.92,-1,-1,-1
505,2,1105.55,424.68,137.51,271.87,0.94,-1,-1,-1
505,3,489.81,244.22,96.32,196.00,0.92,-1,-1,-1
505,5,843.51,20.65,68.80,84.82,0.66,-1,-1,-1
506,1,27.56,283.25,137.61,206.76,0.94,-1,-1,-1
506,2,1103.75,425.83,136.03,271.09,0.94,-1,-1,-1
506,3,496.52,243.29,94.52,198.52,0.92,-1,-1,-1
506,5,843.66,19.83,72.00,89.00,0.63,-1,-1,-1
507,1,24.15,284.52,137.88,206.70,0.94,-1,-1,-1
507,2,1100.95,426.45,135.45,271.46,0.94,-1,-1,-1
507,3,504.92,243.03,92.04,197.81,0.92,-1,-1,-1
507,5,837.55,16.32,89.52,111.65,0.66,-1,-1,-1
508,1,21.55,286.43,138.53,206.55,0.94,-1,-1,-1
508,2,1096.80,427.32,137.15,276.73,0.94,-1,-1,-1
508,3,511.88,242.27,93.04,203.54,0.92,-1,-1,-1
508,5,835.42,13.58,96.48,121.93,0.67,-1,-1,-1
509,1,16.44,289.46,139.65,205.27,0.93,-1,-1,-1
509,2,1092.64,428.50,138.74,281.81,0.94,-1,-1,-1
509,3,518.45,242.31,92.28,204.02,0.92,-1,-1,-1
509,5,834.58,10.85,99.94,128.59,0.67,-1,-1,-1
510,1,12.64,291.24,141.00,204.33,0.93,-1,-1,-1
510,2,1089.67,430.02,139.67,285.71,0.94,-1,-1,-1
510,3,524.29,243.43,91.63,203.07,0.93,-1,-1,-1
510,5,834.05,7.18,103.32,136.31,0.78,-1,-1,-1
511,1,8.30,292.99,142.09,202.19,0.94,-1,-1,-1
511,2,1086.43,431.45,140.90,290.25,0.94,-1,-1,-1
511,3,528.62,243.86,92.53,203.34,0.93,-1,-1,-1
511,5,835.83,4.40,102.29,139.04,0.76,-1,-1,-1
512,1,2.57,293.93,143.47,200.83,0.93,-1,-1,-1
512,2,1084.79,433.06,140.60,291.72,0.94,-1,-1,-1
512,3,533.52,246.01,92.66,200.31,0.92,-1,-1,-1
512,5,836.40,0.88,102.06,143.38,0.81,-1,-1,-1
513,1,-2.46,295.14,146.53,203.02,0.91,-1,-1,-1
513,2,1083.38,434.52,139.61,291.77,0.94,-1,-1,-1
513,3,538.29,247.05,93.63,198.69,0.92,-1,-1,-1
513,5,837.14,-1.73,99.99,145.56,0.81,-1,-1,-1
514,1,-10.06,295.99,148.81,203.85,0.91,-1,-1,-1
514,2,1082.03,436.14,138.40,291.07,0.94,-1,-1,-1
514,3,541.70,248.21,94.84,197.96,0.92,-1,-1,-1
514,5,837.35,-3.64,97.50,147.30,0.78,-1,-1,-1
515,1,-21.45,295.71,150.84,206.07,0.89,-1,-1,-1
515,2,1080.36,438.71,137.78,291.85,0.94,-1,-1,-1
515,3,544.40,248.96,96.08,198.25,0.92,-1,-1,-1
515,5,838.18,-5.04,94.06,147.84,0.81,-1,-1,-1
516,1,-31.73,295.79,149.26,204.24,0.85,-1,-1,-1
516,2,1079.36,440.97,136.69,291.66,0.93,-1,-1,-1
516,3,546.58,248.33,97.44,199.26,0.92,-1,-1,-1
516,5,838.96,-6.88,91.72,149.77,0.77,-1,-1,-1
517,1,-42.04,294.32,145.55,199.39,0.78,-1,-1,-1
517,2,1078.30,442.89,136.04,292.65,0.93,-1,-1,-1
517,3,549.63,247.74,98.04,199.97,0.92,-1,-1,-1
517,5,840.08,-8.12,88.28,150.04,0.84,-1,-1,-1
518,1,-45.16,299.70,135.87,187.32,0.78,-1,-1,-1
518,2,1076.63,444.90,135.83,295.21,0.93,-1,-1,-1
518,3,554.58,247.16,97.93,200.79,0.93,-1,-1,-1
518,5,841.07,-9.00,84.90,150.08,0.84,-1,-1,-1
519,1,-54.56,302.14,132.33,188.33,0.68,-1,-1,-1
519,2,1076.44,446.49,135.03,296.58,0.93,-1,-1,-1
519,3,560.24,246.49,96.64,201.10,0.92,-1,-1,-1
519,5,842.86,-8.96,81.61,149.87,0.83,-1,-1,-1
520,1,-60.87,303.20,130.50,190.54,0.65,-1,-1,-1
520,2,1076.24,447.48,133.38,296.62,0.93,-1,-1,-1
520,3,566.54,245.23,94.61,201.99,0.91,-1,-1,-1
520,5,842.63,-9.66,79.53,151.45,0.84,-1,-1,-1
521,1,-68.12,298.63,132.72,197.23,0.60,-1,-1,-1
521,2,1076.62,448.69,131.09,295.25,0.93,-1,-1,-1
521,3,573.47,244.64,91.99,203.31,0.91,-1,-1,-1
521,5,842.20,-9.90,77.63,152.94,0.84,-1,-1,-1
522,1,-74.88,297.10,133.51,200.64,0.29,-1,-1,-1
522,2,1076.77,449.98,128.60,293.80,0.92,-1,-1,-1
522,3,579.93,244.30,89.63,203.92,0.90,-1,-1,-1
522,5,842.01,-9.84,75.18,153.18,0.84,-1,-1,-1
523,2,1076.81,451.30,126.04,291.88,0.92,-1,-1,-1
523,3,586.71,244.18,87.73,204.13,0.91,-1,-1,-1
523,5,841.70,-10.04,72.94,152.64,0.83,-1,-1,-1
524,2,1076.23,452.86,123.72,289.57,0.92,-1,-1,-1
524,3,596.70,245.03,86.50,202.86,0.93,-1,-1,-1
524,5,840.74,-10.75,72.00,154.43,0.81,-1,-1,-1
525,2,1074.80,454.29,121.82,287.79,0.92,-1,-1,-1
525,3,606.44,245.91,86.65,202.25,0.93,-1,-1,-1
525,5,842.41,-10.92,64.95,141.60,0.81,-1,-1,-1
526,2,1072.53,455.88,120.23,286.01,0.92,-1,-1,-1
526,3,614.41,247.47,87.29,200.79,0.92,-1,-1,-1
526,5,841.39,-11.53,63.76,141.12,0.85,-1,-1,-1
527,2,1069.78,457.10,119.08,284.67,0.92,-1,-1,-1
527,3,619.98,248.50,88.87,200.23,0.93,-1,-1,-1
527,5,840.30,-11.61,65.71,147.11,0.84,-1,-1,-1
528,2,1068.01,458.39,118.47,284.19,0.92,-1,-1,-1
528,3,622.98,249.33,90.77,199.58,0.93,-1,-1,-1
528,5,837.99,-11.43,66.77,151.64,0.84,-1,-1,-1
529,2,1064.57,458.83,118.59,284.47,0.92,-1,-1,-1
529,3,624.25,249.63,92.96,199.33,0.93,-1,-1,-1
529,5,837.00,-11.85,68.29,157.04,0.84,-1,-1,-1
530,2,1059.80,460.50,118.60,283.03,0.93,-1,-1,-1
530,3,625.23,249.72,95.23,199.25,0.93,-1,-1,-1
530,5,836.04,-12.80,69.20,160.92,0.84,-1,-1,-1
531,2,1054.58,461.97,118.46,279.37,0.93,-1,-1,-1
531,3,625.80,249.41,97.28,199.56,0.93,-1,-1,-1
531,5,835.43,-12.65,69.20,161.91,0.84,-1,-1,-1
532,2,1048.65,463.37,119.36,277.56,0.94,-1,-1,-1
532,3,626.74,248.39,99.35,201.47,0.93,-1,-1,-1
532,5,834.30,-12.67,69.29,162.81,0.84,-1,-1,-1
533,2,1043.34,464.51,120.74,276.25,0.94,-1,-1,-1
533,3,630.12,247.22,100.42,203.41,0.93,-1,-1,-1
533,5,833.20,-11.67,68.96,162.25,0.85,-1,-1,-1
534,2,1037.56,465.34,122.81,275.80,0.94,-1,-1,-1
534,3,635.12,246.88,99.27,202.48,0.93,-1,-1,-1
534,5,830.69,-11.14,68.62,163.00,0.86,-1,-1,-1
535,2,1032.71,467.39,124.72,274.77,0.94,-1,-1,-1
535,3,641.14,246.53,97.38,201.66,0.92,-1,-1,-1
535,5,829.04,-11.10,68.19,164.49,0.87,-1,-1,-1
536,2,1027.68,469.22,126.74,274.20,0.94,-1,-1,-1
536,3,647.68,246.06,95.14,202.13,0.92,-1,-1,-1
536,5,828.58,-10.38,66.85,163.70,0.88,-1,-1,-1
537,2,1023.08,470.31,128.73,274.02,0.93,-1,-1,-1
537,3,654.61,245.56,91.50,200.63,0.91,-1,-1,-1
537,5,828.44,-10.14,65.48,162.50,0.88,-1,-1,-1
538,2,1020.49,470.89,130.59,274.66,0.93,-1,-1,-1
538,3,660.21,245.15,89.18,201.85,0.91,-1,-1,-1
538,5,827.87,-9.35,64.29,161.40,0.88,-1,-1,-1
539,2,1017.85,471.72,132.20,276.04,0.93,-1,-1,-1
539,3,667.26,245.56,87.88,203.53,0.90,-1,-1,-1
539,5,827.34,-9.41,63.65,161.97,0.88,-1,-1,-1
540,2,1016.15,473.10,132.67,275.92,0.94,-1,-1,-1
540,3,674.29,246.50,86.98,203.83,0.92,-1,-1,-1
540,5,827.35,-9.90,63.08,162.18,0.88,-1,-1,-1
541,2,1014.18,474.69,133.09,276.11,0.93,-1,-1,-1
541,3,681.28,246.86,87.41,204.38,0.93,-1,-1,-1
541,5,827.67,-10.11,62.31,162.03,0.89,-1,-1,-1
542,2,1012.89,475.91,132.77,275.53,0.92,-1,-1,-1
542,3,686.67,247.11,88.16,203.13,0.92,-1,-1,-1
542,5,827.53,-10.52,61.70,162.17,0.88,-1,-1,-1
543,2,1010.88,476.77,133.24,277.11,0.93,-1,-1,-1
543,3,690.10,248.65,89.49,201.86,0.92,-1,-1,-1
543,5,827.22,-10.62,61.17,162.36,0.88,-1,-1,-1
544,2,1008.30,477.05,133.69,279.05,0.93,-1,-1,-1
544,3,691.86,249.45,91.54,202.28,0.93,-1,-1,-1
544,5,826.89,-10.59,60.57,162.58,0.88,-1,-1,-1
545,2,1007.19,477.33,133.44,280.01,0.92,-1,-1,-1
545,3,693.61,249.97,93.57,202.88,0.92,-1,-1,-1
545,5,827.04,-9.96,59.85,162.25,0.88,-1,-1,-1
546,2,1005.85,477.39,132.71,280.37,0.93,-1,-1,-1
546,3,695.19,249.71,95.24,203.55,0.93,-1,-1,-1
546,5,826.74,-9.86,59.45,163.13,0.87,-1,-1,-1
547,2,1005.45,477.82,131.51,280.05,0.93,-1,-1,-1
547,3,697.89,250.04,96.00,203.35,0.92,-1,-1,-1
547,5,826.92,-9.21,58.78,163.45,0.87,-1,-1,-1
548,2,1004.99,478.84,130.07,279.48,0.92,-1,-1,-1
548,3,700.76,249.60,96.71,204.50,0.93,-1,-1,-1
548,5,828.14,-8.91,58.05,163.77,0.86,-1,-1,-1
549,2,1004.14,478.75,129.26,280.15,0.93,-1,-1,-1
549,3,705.39,250.20,95.79,203.70,0.92,-1,-1,-1
549,5,828.75,-8.96,57.51,164.10,0.87,-1,-1,-1
550,2,1003.67,479.57,127.62,279.51,0.92,-1,-1,-1
550,3,709.38,250.43,93.33,202.05,0.90,-1,-1,-1
550,5,829.65,-9.04,56.89,163.98,0.86,-1,-1,-1
551,2,1003.54,480.30,126.17,279.26,0.92,-1,-1,-1
551,3,716.14,250.28,91.40,202.77,0.90,-1,-1,-1
551,5,830.26,-8.52,56.16,163.31,0.86,-1,-1,-1
552,2,1003.15,480.76,125.56,281.18,0.93,-1,-1,-1
552,3,722.04,250.10,89.01,203.82,0.89,-1,-1,-1
552,5,830.53,-8.71,55.81,163.65,0.86,-1,-1,-1
553,2,1002.44,481.36,124.80,283.23,0.92,-1,-1,-1
553,3,728.28,250.14,86.89,204.33,0.90,-1,-1,-1
553,5,830.74,-8.51,55.48,163.55,0.85,-1,-1,-1
554,2,1000.36,482.00,126.49,291.55,0.92,-1,-1,-1
554,3,734.70,250.82,84.77,203.62,0.91,-1,-1,-1
554,5,830.87,-8.27,55.28,163.33,0.85,-1,-1,-1
555,2,998.80,482.66,127.89,299.95,0.92,-1,-1,-1
555,3,741.03,251.29,82.96,202.46,0.92,-1,-1,-1
555,5,830.00,-8.12,55.26,163.24,0.85,-1,-1,-1
556,2,996.79,483.54,128.72,307.29,0.92,-1,-1,-1
556,3,748.96,252.13,82.45,201.57,0.93,-1,-1,-1
556,5,830.18,-7.71,55.14,162.78,0.86,-1,-1,-1
557,2,996.29,484.52,127.72,310.28,0.92,-1,-1,-1
557,3,756.63,251.99,83.28,202.13,0.93,-1,-1,-1
557,5,830.83,-7.34,54.85,162.16,0.87,-1,-1,-1
558,2,995.45,486.41,126.10,311.99,0.92,-1,-1,-1
558,3,763.26,252.94,84.64,202.24,0.93,-1,-1,-1
558,5,830.53,-7.37,54.94,162.31,0.86,-1,-1,-1
559,2,994.67,487.76,123.85,311.89,0.92,-1,-1,-1
559,3,767.75,253.17,86.11,201.95,0.94,-1,-1,-1
559,5,830.40,-7.44,55.01,162.42,0.85,-1,-1,-1
560,2,995.32,489.14,121.22,310.43,0.91,-1,-1,-1
560,3,770.18,254.58,87.45,200.95,0.94,-1,-1,-1
560,5,829.69,-7.53,55.49,162.63,0.84,-1,-1,-1
561,2,994.97,490.07,118.85,309.79,0.91,-1,-1,-1
561,3,770.87,255.89,88.89,200.24,0.94,-1,-1,-1
561,5,828.77,-7.48,56.08,162.51,0.85,-1,-1,-1
562,2,994.64,490.83,116.69,309.48,0.91,-1,-1,-1
562,3,770.85,256.81,90.48,199.98,0.94,-1,-1,-1
562,5,828.36,-7.22,56.44,162.21,0.84,-1,-1,-1
563,2,994.46,491.75,114.31,308.64,0.90,-1,-1,-1
563,3,770.72,257.13,91.86,199.89,0.94,-1,-1,-1
563,5,828.07,-7.35,56.88,162.32,0.84,-1,-1,-1
564,2,994.39,493.40,111.74,306.93,0.90,-1,-1,-1
564,3,771.63,257.01,92.82,200.09,0.94,-1,-1,-1
564,5,827.40,-7.12,57.28,161.97,0.85,-1,-1,-1
565,2,995.23,494.65,109.14,305.12,0.91,-1,-1,-1
565,3,773.07,256.61,93.36,200.73,0.93,-1,-1,-1
565,5,827.51,-7.09,57.62,162.01,0.85,-1,-1,-1
566,2,995.47,496.65,106.65,303.29,0.91,-1,-1,-1
566,3,776.99,256.66,92.79,200.98,0.93,-1,-1,-1
566,5,828.13,-6.53,57.49,161.47,0.85,-1,-1,-1
567,2,995.74,497.58,104.55,302.36,0.91,-1,-1,-1
567,3,781.01,256.45,91.70,201.07,0.93,-1,-1,-1
567,5,827.81,-6.40,57.67,161.46,0.86,-1,-1,-1
568,2,995.60,498.34,102.56,301.55,0.91,-1,-1,-1
568,3,785.93,256.35,89.57,200.22,0.92,-1,-1,-1
568,5,827.61,-6.42,57.90,161.68,0.87,-1,-1,-1
569,2,995.66,499.03,100.77,300.79,0.90,-1,-1,-1
569,3,792.53,256.08,87.93,200.79,0.92,-1,-1,-1
569,5,827.50,-6.48,58.07,161.77,0.86,-1,-1,-1
570,2,995.82,499.69,99.04,300.06,0.91,-1,-1,-1
570,3,800.44,255.97,86.03,199.23,0.93,-1,-1,-1
570,5,827.60,-6.37,57.86,161.10,0.86,-1,-1,-1
571,2,995.64,500.57,97.16,298.67,0.91,-1,-1,-1
571,3,806.19,256.37,85.73,200.43,0.93,-1,-1,-1
571,5,827.56,-6.25,57.94,160.88,0.86,-1,-1,-1
572,2,995.96,501.09,95.77,298.37,0.91,-1,-1,-1
572,3,810.72,256.74,85.93,202.22,0.93,-1,-1,-1
572,5,827.92,-6.27,58.12,161.03,0.86,-1,-1,-1
573,2,996.11,501.91,94.38,297.60,0.91,-1,-1,-1
573,3,814.51,257.32,86.87,204.68,0.93,-1,-1,-1
573,5,827.99,-6.44,58.32,161.31,0.86,-1,-1,-1
574,2,996.06,502.19,93.25,297.32,0.91,-1,-1,-1
574,3,817.03,258.30,88.31,207.71,0.94,-1,-1,-1
574,5,827.99,-6.62,58.46,161.42,0.87,-1,-1,-1
575,2,995.99,502.93,92.11,296.56,0.91,-1,-1,-1
575,3,818.92,259.89,89.34,208.51,0.94,-1,-1,-1
575,5,827.62,-6.58,58.36,161.24,0.88,-1,-1,-1
576,2,996.17,503.18,91.33,296.28,0.91,-1,-1,-1
576,3,821.05,261.59,90.14,207.90,0.94,-1,-1,-1
576,5,827.90,-6.18,58.37,160.95,0.88,-1,-1,-1
577,2,996.01,503.24,90.68,296.19,0.91,-1,-1,-1
577,3,822.11,262.21,91.41,208.09,0.94,-1,-1,-1
577,5,828.10,-5.75,58.18,160.45,0.89,-1,-1,-1
578,2,996.08,503.23,90.23,296.62,0.91,-1,-1,-1
578,3,823.08,262.88,93.13,209.48,0.93,-1,-1,-1
578,5,828.18,-5.48,58.11,160.26,0.89,-1,-1,-1
579,2,996.00,503.43,89.45,296.12,0.91,-1,-1,-1
579,3,824.72,263.55,93.65,209.09,0.93,-1,-1,-1
579,5,828.65,-5.24,58.09,160.23,0.88,-1,-1,-1
580,2,996.13,503.25,88.89,296.16,0.91,-1,-1,-1
580,3,828.18,264.00,93.24,208.48,0.94,-1,-1,-1
580,5,828.80,-5.33,58.13,160.38,0.88,-1,-1,-1
581,2,995.94,503.39,88.32,295.97,0.91,-1,-1,-1
581,3,830.85,264.04,92.80,208.34,0.94,-1,-1,-1
581,5,828.86,-5.25,58.14,160.45,0.88,-1,-1,-1
582,2,996.06,503.20,87.76,296.13,0.91,-1,-1,-1
582,3,833.56,264.70,91.65,207.60,0.93,-1,-1,-1
582,5,829.46,-5.23,57.87,160.03,0.88,-1,-1,-1
583,2,996.32,502.89,87.16,296.42,0.91,-1,-1,-1
583,3,837.12,264.93,90.35,208.21,0.92,-1,-1,-1
583,5,829.61,-5.28,57.93,160.15,0.88,-1,-1,-1
584,2,996.62,502.76,86.58,296.53,0.91,-1,-1,-1
584,3,841.43,264.77,88.16,208.20,0.91,-1,-1,-1
584,5,829.50,-5.61,58.26,160.79,0.87,-1,-1,-1
585,2,996.50,502.47,85.98,296.36,0.91,-1,-1,-1
585,3,847.91,264.92,85.42,207.52,0.90,-1,-1,-1
585,5,829.81,-5.51,58.57,161.03,0.88,-1,-1,-1
586,2,996.61,502.36,85.46,296.30,0.91,-1,-1,-1
586,3,855.68,265.40,83.31,208.60,0.91,-1,-1,-1
586,5,829.90,-5.31,58.74,160.90,0.87,-1,-1,-1
587,2,996.82,501.86,84.98,296.73,0.91,-1,-1,-1
587,3,863.02,265.90,81.46,209.11,0.91,-1,-1,-1
587,5,829.42,-5.38,58.92,160.88,0.87,-1,-1,-1
588,2,996.54,501.45,84.65,297.56,0.91,-1,-1,-1
588,3,868.57,266.41,79.40,208.51,0.91,-1,-1,-1
588,5,830.01,-5.15,59.21,160.84,0.86,-1,-1,-1
589,2,996.62,501.06,84.17,297.65,0.91,-1,-1,-1
589,3,874.91,267.37,77.85,207.27,0.91,-1,-1,-1
589,5,830.18,-4.71,59.44,160.69,0.86,-1,-1,-1
590,2,996.84,500.69,83.65,297.91,0.91,-1,-1,-1
590,3,881.75,268.16,77.88,207.25,0.93,-1,-1,-1
590,5,830.67,-4.54,59.55,160.63,0.86,-1,-1,-1
591,2,997.07,500.33,83.19,298.23,0.91,-1,-1,-1
591,3,888.10,268.66,78.94,207.24,0.94,-1,-1,-1
591,5,830.89,-4.09,59.49,160.11,0.87,-1,-1,-1
592,2,996.86,500.20,82.73,298.34,0.91,-1,-1,-1
592,3,892.93,269.95,80.38,205.89,0.94,-1,-1,-1
592,5,830.89,-4.04,59.62,160.13,0.88,-1,-1,-1
593,2,996.93,500.15,82.29,298.38,0.91,-1,-1,-1
593,3,895.26,271.42,82.21,205.05,0.94,-1,-1,-1
593,5,831.80,-3.78,59.61,159.78,0.87,-1,-1,-1
594,2,996.53,499.69,82.10,299.29,0.90,-1,-1,-1
594,3,896.08,272.50,84.42,205.08,0.94,-1,-1,-1
594,5,831.94,-3.79,60.00,160.27,0.87,-1,-1,-1
595,2,996.50,499.52,81.81,299.18,0.90,-1,-1,-1
595,3,896.04,273.00,86.50,204.98,0.94,-1,-1,-1
595,5,831.84,-3.89,60.45,161.04,0.87,-1,-1,-1
596,2,996.20,499.69,81.41,298.46,0.90,-1,-1,-1
596,3,896.17,273.38,88.46,204.73,0.94,-1,-1,-1
596,5,831.78,-3.96,60.64,161.14,0.88,-1,-1,-1
597,2,996.07,499.53,81.31,298.85,0.90,-1,-1,-1
597,3,896.33,273.16,90.44,205.42,0.94,-1,-1,-1
597,5,831.76,-3.74,60.67,160.81,0.87,-1,-1,-1
598,2,996.14,499.92,81.06,298.55,0.90,-1,-1,-1
598,3,896.82,272.61,91.86,206.14,0.94,-1,-1,-1
598,5,831.89,-3.41,60.40,159.93,0.88,-1,-1,-1
