0,1,976.05,229.16,114.75,232.88,0.93,0
0,2,325.69,56.45,68.85,167.32,0.93,1
0,3,816.08,251.44,70.20,230.85,0.92,0
1,1,976.63,230.63,113.60,230.53,0.92,0
1,2,331.97,56.45,69.03,167.32,0.93,1
1,3,818.28,250.85,68.14,223.82,0.92,0
2,1,976.75,231.14,113.36,230.13,0.92,0
2,2,337.64,56.25,69.61,167.78,0.93,1
2,3,819.06,249.95,68.04,223.16,0.92,0
3,1,977.77,232.57,112.34,228.50,0.92,0
3,2,343.72,58.41,69.57,165.96,0.93,1
3,3,820.32,248.39,67.99,222.55,0.91,0
4,1,977.72,233.24,111.78,228.51,0.92,0
4,2,348.69,57.98,70.73,166.61,0.93,1
4,3,820.75,247.55,68.86,225.07,0.91,0
5,1,978.11,233.67,110.75,228.56,0.92,0
5,2,352.13,58.95,71.35,165.59,0.93,1
5,3,821.58,246.71,68.67,223.89,0.91,0
6,1,979.22,233.79,109.39,229.08,0.91,0
6,2,353.24,60.04,72.35,165.30,0.93,1
6,3,823.64,246.58,67.83,220.28,0.92,0
7,1,983.20,234.96,107.33,228.35,0.90,0
7,2,353.51,60.81,73.35,164.92,0.92,1
7,3,825.19,246.10,67.70,219.01,0.92,0
8,1,988.21,234.90,105.90,229.48,0.89,0
8,2,353.91,60.95,74.62,165.03,0.92,1
8,3,827.11,245.62,67.61,217.10,0.92,0
9,1,994.80,235.54,103.09,228.54,0.90,0
9,2,355.12,60.88,75.41,164.48,0.91,1
9,3,829.28,244.78,68.23,216.90,0.93,0
10,1,1001.35,235.86,100.11,227.18,0.90,0
10,2,356.40,60.10,76.98,166.29,0.91,1
10,3,831.40,243.59,69.34,217.79,0.93,0
11,1,1006.18,236.30,97.67,226.79,0.90,0
11,2,358.57,58.94,78.01,168.03,0.90,1
11,3,833.08,243.06,70.57,218.50,0.94,0
12,1,1010.49,236.89,95.17,225.31,0.90,0
12,2,361.59,58.33,77.80,167.74,0.91,1
12,3,835.02,242.79,71.87,218.90,0.94,0
13,1,1013.78,237.31,93.36,224.33,0.90,0
13,2,365.28,57.51,78.23,169.66,0.91,1
13,3,836.57,242.03,73.28,219.98,0.94,0
14,1,1016.84,238.58,92.44,224.43,0.91,0
14,2,367.35,56.64,78.16,171.05,0.90,1
14,3,838.12,241.78,74.42,220.39,0.93,0
15,1,1020.12,239.70,92.12,224.04,0.92,0
15,2,370.51,56.71,77.17,171.06,0.88,1
15,3,839.76,241.71,75.27,220.11,0.93,0
16,1,1024.13,240.10,92.51,223.92,0.93,0
16,2,374.81,56.43,74.83,169.12,0.89,1
16,3,841.71,240.81,76.37,220.91,0.93,0
17,1,1027.39,240.22,93.44,224.34,0.92,0
17,2,379.34,56.14,74.19,170.13,0.89,1
17,3,843.48,240.50,77.24,221.21,0.93,0
18,1,1029.07,240.24,94.46,224.51,0.93,0
18,2,383.13,56.09,73.57,170.89,0.89,1
18,3,844.37,240.18,77.87,221.33,0.93,0
19,1,1030.18,240.68,95.44,224.14,0.93,0
19,2,389.62,56.41,73.24,171.17,0.90,1
19,3,845.69,239.85,77.76,220.03,0.93,0
20,1,1031.10,241.05,96.38,223.57,0.93,0
20,2,396.37,56.70,73.65,171.32,0.89,1
20,3,846.78,238.41,78.18,220.44,0.93,0
21,1,1031.47,241.28,97.38,223.70,0.93,0
21,2,402.61,57.63,73.73,169.67,0.90,1
21,3,846.86,237.00,77.96,219.26,0.93,0
22,1,1032.26,241.01,98.05,223.87,0.93,0
22,2,408.39,58.85,73.78,167.27,0.91,1
22,3,847.02,234.70,78.39,220.16,0.93,0
23,1,1033.33,240.56,98.37,223.61,0.93,0
23,2,412.08,59.89,74.03,165.32,0.89,1
23,3,846.82,233.19,78.95,221.62,0.93,0
24,1,1035.15,240.26,99.07,224.75,0.92,0
24,2,414.86,60.47,75.03,165.42,0.89,1
24,3,847.19,231.32,79.05,221.73,0.93,0
25,1,1038.04,239.92,99.22,225.63,0.92,0
25,2,416.58,60.40,75.97,166.09,0.88,1
25,3,847.54,230.65,78.58,219.98,0.93,0
26,1,1041.97,239.78,98.78,225.97,0.92,0
26,2,418.96,60.22,77.03,166.94,0.88,1
26,3,848.86,229.55,77.72,216.86,0.93,0
27,1,1046.87,239.61,97.87,225.31,0.92,0
27,2,422.15,60.34,77.00,166.73,0.88,1
27,3,851.48,229.17,76.65,213.22,0.93,0
28,1,1052.85,239.09,97.11,226.85,0.91,0
28,2,425.53,60.68,77.26,167.25,0.89,1
28,3,854.36,228.63,75.95,210.08,0.94,0
29,1,1060.08,238.79,94.68,225.09,0.91,0
29,2,429.68,60.47,76.67,167.44,0.87,1
29,3,856.92,227.67,76.25,209.96,0.94,0
30,1,1067.27,239.00,93.56,226.99,0.91,0
30,2,433.81,59.88,75.51,167.35,0.87,1
30,3,860.43,227.01,76.52,209.84,0.94,0
31,1,1073.98,239.42,92.89,229.14,0.91,0
31,2,438.26,59.15,74.79,169.27,0.89,1
31,3,863.49,225.23,77.48,211.62,0.93,0
32,1,1078.35,239.46,93.14,232.72,0.91,0
32,2,442.55,59.37,73.48,169.83,0.89,1
32,3,866.68,223.70,78.11,212.99,0.94,0
33,1,1082.23,240.03,92.97,234.40,0.91,0
33,2,447.82,60.15,71.66,168.00,0.89,1
33,3,869.00,222.72,78.62,214.19,0.94,0
34,1,1085.48,240.14,92.58,234.68,0.91,0
34,2,453.36,59.99,70.27,166.85,0.89,1
34,3,870.43,221.94,79.34,215.77,0.94,0
35,1,1087.33,240.28,92.68,235.53,0.92,0
35,2,460.27,60.27,69.65,165.52,0.90,1
35,3,872.33,221.35,79.39,215.82,0.94,0
36,1,1088.88,240.89,92.52,235.27,0.92,0
36,2,467.48,60.31,70.17,165.76,0.90,1
36,3,874.15,220.61,79.72,216.39,0.94,0
37,1,1090.18,241.67,92.55,234.37,0.92,0
37,2,474.48,61.42,70.84,164.77,0.90,1
37,3,876.01,220.48,80.03,217.39,0.93,0
38,1,1091.80,243.07,92.71,233.11,0.92,0
38,2,478.33,63.03,70.99,163.09,0.88,1
38,3,877.07,220.35,80.15,217.87,0.94,0
39,1,1092.88,244.26,93.36,232.61,0.92,0
39,2,481.90,63.74,71.78,162.69,0.87,1
39,3,878.33,220.11,80.10,218.27,0.94,0
40,1,1093.72,245.14,94.30,232.41,0.92,0
40,2,484.41,64.41,72.95,163.15,0.88,1
40,3,879.23,219.16,79.99,218.86,0.94,0
41,1,1095.33,246.13,95.43,231.89,0.92,0
41,2,485.34,64.23,74.43,164.20,0.89,1
41,3,880.23,218.83,79.37,218.18,0.94,0
42,1,1096.31,247.15,96.68,231.68,0.91,0
42,2,487.71,63.75,75.95,164.89,0.89,1
42,3,881.70,218.28,78.60,217.69,0.93,0
43,1,1095.56,247.40,98.29,232.83,0.92,0
43,2,490.45,63.39,76.99,165.32,0.90,1
43,3,882.25,216.43,78.19,218.50,0.93,0
44,1,1095.54,247.81,99.10,232.48,0.92,0
44,2,493.12,62.97,77.81,166.43,0.90,1
44,3,883.22,214.76,77.29,218.47,0.93,0
45,1,1096.60,247.94,99.77,232.34,0.92,0
45,2,497.33,61.44,78.09,167.66,0.91,1
45,3,883.88,213.15,76.25,218.12,0.92,0
46,1,1098.43,247.74,100.57,232.72,0.92,0
46,2,500.60,60.97,78.13,169.45,0.91,1
46,3,884.29,211.36,75.43,218.98,0.92,0
47,1,1101.62,248.10,101.07,232.87,0.91,0
47,2,505.37,61.18,76.99,170.07,0.90,1
47,3,885.07,209.94,74.68,220.31,0.91,0
48,1,1105.67,247.99,101.66,233.36,0.91,0
48,2,511.81,62.04,74.56,169.29,0.89,1
48,3,886.75,208.77,73.31,219.69,0.91,0
49,1,1109.36,247.94,101.86,233.99,0.92,0
49,2,516.72,61.93,72.43,168.97,0.89,1
49,3,888.57,208.04,71.24,216.65,0.91,0
50,1,1114.43,248.57,101.51,234.22,0.92,0
50,2,522.42,61.55,71.19,169.85,0.90,1
50,3,891.63,207.36,68.33,209.90,0.91,0
51,1,1119.84,249.25,100.45,233.85,0.92,0
51,2,527.90,61.38,70.45,170.86,0.90,1
51,3,894.01,206.48,67.39,208.72,0.91,0
52,1,1125.38,249.15,99.07,233.37,0.91,0
52,2,533.93,61.70,70.38,170.74,0.91,1
52,3,896.60,204.61,67.14,209.67,0.90,0
53,1,1133.05,249.21,96.98,233.07,0.90,0
53,2,540.05,62.83,71.72,170.90,0.90,1
53,3,897.96,203.51,67.07,210.72,0.90,0
54,1,1139.00,249.22,95.16,232.96,0.90,0
54,2,546.44,63.84,72.63,169.70,0.91,1
54,3,899.50,202.69,67.57,213.38,0.91,0
55,1,1143.24,249.33,93.79,233.25,0.90,0
55,2,550.48,64.55,73.82,168.11,0.92,1
55,3,901.24,202.20,67.11,212.17,0.90,0
56,1,1146.95,249.92,92.34,232.57,0.90,0
56,2,552.64,65.31,75.75,168.01,0.92,1
56,3,903.81,202.06,66.59,210.15,0.91,0
57,1,1149.73,250.80,91.41,231.87,0.91,0
57,2,554.56,66.67,77.02,166.67,0.92,1
57,3,908.11,201.15,66.79,209.62,0.91,0
58,1,1152.41,251.12,91.10,231.61,0.92,0
58,2,555.97,67.23,78.42,166.33,0.92,1
58,3,911.57,200.39,67.51,209.22,0.92,0
59,1,1155.25,251.22,91.51,231.51,0.92,0
59,2,558.05,66.75,79.10,165.99,0.91,1
59,3,915.21,200.26,68.34,208.53,0.92,0
60,1,1157.68,251.47,92.25,230.59,0.93,0
60,2,562.19,65.91,79.48,166.96,0.92,1
60,3,917.80,200.35,69.62,208.40,0.93,0
61,1,1159.16,252.23,92.94,229.35,0.93,0
61,2,566.79,65.78,78.59,166.47,0.91,1
61,3,919.89,200.19,71.26,209.04,0.92,0
62,1,1159.79,252.83,93.68,228.11,0.92,0
62,2,571.95,65.28,77.35,166.51,0.90,1
62,3,921.52,200.38,72.71,209.07,0.92,0
63,1,1160.27,252.71,95.02,228.44,0.93,0
63,2,577.73,64.52,75.60,166.08,0.88,1
63,3,922.66,200.59,73.79,208.76,0.93,0
64,1,1160.27,252.43,96.59,229.03,0.93,0
64,2,582.63,64.21,74.54,167.63,0.88,1
64,3,923.99,200.47,74.88,208.43,0.93,0
65,1,1160.62,251.86,98.04,229.71,0.93,0
65,2,588.97,64.36,73.30,168.49,0.90,1
65,3,925.10,200.77,75.70,207.53,0.93,0
66,1,1161.98,250.75,99.53,230.86,0.92,0
66,2,594.74,64.09,72.00,168.37,0.91,1
66,3,925.48,200.35,76.78,207.77,0.93,0
67,1,1163.29,249.65,100.99,232.64,0.92,0
67,2,602.27,63.93,71.62,168.15,0.92,1
67,3,925.28,199.75,77.72,207.87,0.93,0
68,1,1166.25,249.57,101.79,232.98,0.92,0
68,2,609.86,64.66,71.90,167.51,0.92,1
68,3,925.35,199.21,78.53,207.81,0.92,0
69,1,1169.70,248.77,102.59,233.87,0.92,0
69,2,615.98,64.76,73.60,168.21,0.92,1
69,3,925.15,197.57,79.14,207.01,0.93,0
70,1,1174.89,249.13,102.05,232.43,0.92,0
70,2,619.59,65.36,75.48,168.70,0.91,1
70,3,925.24,196.74,79.81,206.94,0.93,0
71,1,1180.03,249.50,101.55,232.31,0.92,0
71,2,621.72,65.53,77.37,169.16,0.92,1
71,3,925.49,195.89,80.39,206.82,0.92,0
72,1,1185.92,248.75,101.28,234.05,0.91,0
72,2,622.60,65.86,78.89,168.61,0.93,1
72,3,925.89,195.15,80.79,206.33,0.92,0
73,1,1193.02,248.59,100.07,234.59,0.90,0
73,2,624.18,66.04,80.15,168.11,0.92,1
73,3,926.55,194.67,81.61,207.95,0.92,0
74,1,1200.89,248.64,97.91,234.00,0.89,0
74,2,625.51,65.66,81.70,169.04,0.92,1
74,3,928.77,193.84,80.56,205.00,0.92,0
75,1,1206.18,248.89,95.74,232.43,0.89,0
75,2,627.65,65.04,82.71,170.08,0.92,1
75,3,931.98,193.78,78.91,200.74,0.92,0
76,1,1208.78,249.10,96.09,236.64,0.90,0
76,2,631.29,65.02,82.68,170.47,0.92,1
76,3,936.35,192.99,78.16,199.50,0.92,0
77,1,1211.58,249.73,95.86,237.87,0.90,0
77,2,635.86,64.74,81.79,170.78,0.91,1
77,3,941.71,192.38,77.48,199.41,0.92,0
78,1,1213.46,250.42,95.62,237.88,0.91,0
78,2,641.36,64.02,80.71,171.39,0.90,1
78,3,947.96,191.06,76.67,199.86,0.92,0
79,1,1216.27,250.79,95.48,236.64,0.91,0
79,2,646.90,63.80,78.89,171.33,0.90,1
79,3,954.30,191.03,75.35,198.93,0.91,0
80,1,1218.97,251.48,96.35,236.04,0.93,0
80,2,652.97,63.73,76.63,170.85,0.90,1
80,3,959.01,190.60,74.51,199.06,0.91,0
81,1,1221.18,252.19,97.61,235.36,0.93,0
81,2,658.58,64.09,75.06,171.61,0.90,1
81,3,962.50,190.24,74.09,200.25,0.91,0
82,1,1222.38,253.11,98.86,234.65,0.93,0
82,2,663.11,64.15,74.00,173.75,0.90,1
82,3,965.65,190.12,73.60,200.72,0.92,0
83,1,1222.82,254.12,99.99,233.93,0.93,0
83,2,667.96,64.12,72.57,174.05,0.90,1
83,3,969.23,189.54,73.77,201.46,0.92,0
84,1,1222.94,254.83,101.17,233.32,0.94,0
84,2,675.01,64.77,72.62,174.82,0.91,1
84,3,972.86,189.45,74.37,201.20,0.92,0
85,1,1223.17,255.41,102.80,233.88,0.94,0
85,2,680.79,65.52,73.21,174.92,0.93,1
85,3,975.69,188.77,75.90,202.44,0.93,0
86,1,1223.60,255.17,104.31,234.54,0.93,0
86,2,685.04,66.25,74.53,175.17,0.93,1
86,3,977.82,188.53,77.69,202.92,0.93,0
87,1,1225.13,255.06,105.53,234.79,0.93,0
87,2,687.67,67.94,75.30,173.16,0.93,1
87,3,979.32,188.46,79.41,202.88,0.93,0
88,1,1227.02,254.56,106.74,235.33,0.93,0
88,2,689.77,69.30,76.59,172.10,0.93,1
88,3,979.84,189.01,80.79,202.30,0.94,0
89,1,1229.51,254.14,107.93,236.42,0.93,0
89,2,690.66,70.30,77.85,171.54,0.93,1
89,3,980.09,188.23,82.74,203.09,0.93,0
90,1,1233.07,253.97,108.31,236.38,0.93,0
90,2,692.16,71.08,78.59,170.68,0.93,1
90,3,980.63,188.17,84.17,202.49,0.94,0
91,1,1236.59,254.01,108.36,236.25,0.93,0
91,2,695.33,71.74,78.71,170.08,0.93,1
91,3,981.02,187.49,85.90,203.16,0.94,0
92,1,1241.07,253.69,108.14,236.75,0.93,0
92,2,698.99,71.91,77.99,169.02,0.93,1
92,3,981.75,186.58,86.99,203.19,0.93,0
93,1,1246.64,254.34,107.22,236.37,0.92,0
93,2,703.19,71.12,77.17,169.47,0.91,1
93,3,982.61,185.13,87.83,203.87,0.93,0
94,1,1252.15,254.58,106.08,236.22,0.92,0
94,2,708.62,69.07,76.92,172.16,0.91,1
94,3,984.17,184.27,88.17,204.45,0.93,0
95,1,1258.55,254.34,104.79,236.72,0.91,0
95,2,715.57,68.12,75.62,173.45,0.90,1
95,3,986.86,183.30,88.41,206.23,0.92,0
96,1,1266.26,254.68,102.38,236.01,0.89,0
96,2,722.24,68.09,73.88,173.61,0.90,1
96,3,989.71,183.06,87.33,205.89,0.92,0
97,1,1273.19,254.37,100.28,236.19,0.90,0
97,2,727.90,68.39,72.00,172.57,0.91,1
97,3,993.48,182.11,85.83,205.53,0.91,0
98,1,1276.96,254.35,98.68,236.81,0.91,0
98,2,732.93,68.11,70.51,172.12,0.91,1
98,3,999.24,181.32,83.55,204.04,0.90,0
99,1,1279.48,254.34,97.34,237.04,0.91,0
99,2,738.83,67.76,70.55,173.42,0.91,1
99,3,1005.15,181.27,80.38,201.24,0.90,0
100,1,1281.83,254.67,96.42,237.01,0.92,0
100,2,745.65,68.76,70.82,172.43,0.92,1
100,3,1012.02,181.06,77.78,200.63,0.89,0
101,1,1283.97,255.24,95.95,236.55,0.92,0
101,2,750.93,69.34,72.33,172.86,0.93,1
101,3,1017.76,181.00,76.50,203.55,0.89,0
102,1,1286.77,255.68,95.98,235.92,0.93,0
102,2,754.08,70.64,73.77,172.04,0.93,1
102,3,1022.18,181.44,74.83,204.21,0.91,0
103,1,1289.36,256.06,96.69,235.24,0.93,0
103,2,754.98,71.41,75.40,171.45,0.93,1
103,3,1026.51,181.40,73.09,203.34,0.91,0
104,1,1290.76,256.30,97.62,234.65,0.94,0
104,2,755.96,72.02,77.05,171.01,0.94,1
104,3,1031.31,181.40,73.00,204.35,0.92,0
105,1,1291.46,256.61,98.74,234.65,0.94,0
105,2,756.59,72.36,78.60,171.07,0.93,1
105,3,1035.30,182.19,72.79,203.28,0.92,0
106,1,1291.99,256.95,99.73,234.44,0.93,0
106,2,757.33,72.02,79.65,170.87,0.93,1
106,3,1038.86,183.29,72.80,200.75,0.93,0
107,1,1291.79,257.06,100.68,234.36,0.93,0
107,2,760.07,71.99,80.18,171.25,0.93,1
107,3,1041.10,184.49,73.42,198.56,0.93,0
108,1,1292.56,256.76,101.81,234.67,0.93,0
108,2,763.00,71.81,79.91,171.00,0.92,1
108,3,1043.12,185.61,74.58,197.53,0.92,0
109,1,1293.65,255.97,102.70,234.79,0.93,0
109,2,767.02,71.31,79.05,170.55,0.91,1
109,3,1044.02,186.14,76.27,197.73,0.92,0
110,1,1295.53,255.45,103.48,234.84,0.94,0
110,2,770.94,70.86,78.12,170.97,0.91,1
110,3,1044.44,186.67,78.28,198.60,0.93,0
111,1,1298.09,254.80,104.38,235.76,0.93,0
111,2,776.75,70.75,76.86,171.96,0.90,1
111,3,1044.93,187.75,79.93,198.95,0.93,0
112,1,1300.98,254.22,105.15,236.88,0.93,0
112,2,784.23,70.79,75.36,173.04,0.90,1
112,3,1044.81,188.48,81.83,200.10,0.94,0
113,1,1305.37,253.23,105.35,237.86,0.93,0
113,2,790.08,70.74,73.80,173.94,0.90,1
113,3,1044.87,188.52,83.91,201.87,0.94,0
114,1,1311.35,253.42,104.61,237.44,0.93,0
114,2,794.37,71.00,73.22,176.44,0.90,1
114,3,1045.38,189.18,85.32,202.99,0.93,0
115,1,1316.63,253.27,103.89,238.39,0.92,0
115,2,799.31,71.82,71.40,175.00,0.90,1
115,3,1046.98,189.64,85.53,201.85,0.92,0
116,1,1323.08,252.67,102.93,239.74,0.91,0
116,2,802.88,72.24,71.43,176.88,0.91,1
116,3,1049.29,190.25,85.59,201.41,0.92,0
117,1,1331.44,252.89,100.70,239.35,0.90,0
117,2,807.53,72.84,71.67,177.13,0.92,1
117,3,1052.50,190.46,85.22,201.25,0.92,0
118,1,1337.63,252.99,99.36,240.97,0.89,0
118,2,811.12,73.67,72.25,176.59,0.93,1
118,3,1056.46,191.64,83.88,200.07,0.92,0
119,1,1340.74,253.25,97.89,241.57,0.90,0
119,2,813.64,74.93,73.38,176.32,0.93,1
119,3,1061.29,191.40,82.77,200.96,0.90,0
120,1,1343.92,253.58,97.04,242.23,0.91,0
120,2,814.95,75.61,74.59,176.20,0.93,1
120,3,1067.09,191.29,81.34,201.75,0.90,0
121,1,1348.05,254.37,96.36,241.12,0.92,0
121,2,816.04,76.52,75.33,175.48,0.92,1
121,3,1075.27,191.24,79.31,202.27,0.89,0
122,1,1352.75,255.01,96.66,239.68,0.93,0
122,2,817.65,77.02,75.59,174.36,0.92,1
122,3,1083.49,191.20,76.96,202.46,0.91,0
123,1,1356.24,255.58,97.95,238.79,0.94,0
123,2,819.65,76.69,76.21,175.00,0.92,1
123,3,1088.78,191.18,75.02,203.20,0.91,0
124,1,1359.05,256.13,99.18,236.78,0.95,0
124,2,822.82,77.05,75.84,174.85,0.92,1
124,3,1093.39,191.60,73.23,203.03,0.91,0
125,1,1360.08,256.44,100.73,235.91,0.95,0
125,2,826.84,77.28,75.15,175.12,0.92,1
125,3,1097.74,191.98,72.40,202.95,0.92,0
126,1,1359.73,257.00,102.49,236.04,0.95,0
126,2,831.69,76.57,74.24,176.01,0.90,1
126,3,1102.31,192.67,73.07,204.15,0.93,0
127,1,1359.93,257.09,104.46,236.66,0.94,0
127,2,837.58,76.57,72.64,175.84,0.90,1
127,3,1105.79,193.92,73.99,203.81,0.93,0
128,1,1359.67,256.78,106.96,239.02,0.94,0
128,2,844.06,76.62,71.30,177.05,0.89,1
128,3,1109.52,195.27,75.44,203.01,0.94,0
129,1,1359.29,256.87,108.71,239.46,0.94,0
129,2,850.38,76.46,69.91,177.78,0.90,1
129,3,1111.91,196.66,77.28,202.25,0.94,0
130,1,1359.22,257.13,109.89,239.18,0.94,0
130,2,855.20,76.95,68.67,177.82,0.90,1
130,3,1114.02,198.72,79.73,201.96,0.95,0
131,1,1359.72,256.77,111.31,239.96,0.94,0
131,2,860.33,76.85,67.53,177.44,0.91,1
131,3,1114.72,200.03,82.31,202.41,0.94,0
132,1,1360.01,256.19,112.81,241.14,0.94,0
132,2,866.44,77.81,67.36,176.50,0.92,1
132,3,1114.36,200.94,85.15,203.92,0.94,0
133,1,1362.94,256.63,112.92,239.80,0.94,0
133,2,871.73,78.44,68.16,175.75,0.93,1
133,3,1113.83,201.37,87.65,204.82,0.94,0
134,1,1366.96,256.79,113.21,239.28,0.94,0
134,2,876.05,79.23,69.73,175.24,0.92,1
134,3,1113.40,201.72,89.66,205.38,0.94,0
135,1,1371.06,256.85,113.34,239.08,0.94,0
135,2,878.12,80.30,71.76,175.05,0.93,1
135,3,1113.92,201.82,91.52,206.69,0.94,0
136,1,1376.12,256.87,112.88,238.56,0.94,0
136,2,878.53,80.85,73.83,175.15,0.93,1
136,3,1114.97,201.61,92.98,208.07,0.94,0
137,1,1381.66,256.99,112.38,238.47,0.93,0
137,2,879.35,81.66,75.62,175.02,0.93,1
137,3,1117.44,201.51,93.62,209.02,0.93,0
138,1,1387.54,257.25,111.53,238.66,0.93,0
138,2,880.24,81.89,77.50,175.26,0.92,1
138,3,1120.81,202.00,93.25,208.80,0.93,0
139,1,1394.98,257.68,109.44,237.51,0.92,0
139,2,880.74,81.90,79.38,175.96,0.92,1
139,3,1125.46,202.73,92.40,207.92,0.93,0
140,1,1402.82,257.84,107.25,237.52,0.91,0
140,2,882.85,81.56,80.46,176.67,0.92,1
140,3,1131.08,202.87,91.28,207.46,0.93,0
141,1,1410.04,257.67,104.75,237.53,0.90,0
141,2,885.59,80.85,81.18,178.05,0.92,1
141,3,1137.55,203.46,89.98,207.61,0.93,0
142,1,1413.90,258.05,103.01,237.54,0.91,0
142,2,889.46,80.52,80.87,178.29,0.92,1
142,3,1145.29,203.66,88.46,207.88,0.92,0
143,1,1417.46,258.08,101.39,237.44,0.92,0
143,2,894.43,80.39,80.63,179.93,0.91,1
143,3,1153.16,204.06,86.62,208.31,0.92,0
144,1,1419.74,258.30,100.38,237.18,0.92,0
144,2,900.11,80.50,78.92,179.04,0.91,1
144,3,1160.37,204.41,86.10,212.24,0.92,0
145,1,1421.38,258.72,99.90,237.42,0.93,0
145,2,908.15,80.81,76.90,178.63,0.89,1
145,3,1165.38,205.52,85.46,214.71,0.92,0
146,1,1423.62,259.54,99.77,237.07,0.93,0
146,2,914.99,80.98,75.40,179.75,0.90,1
146,3,1169.21,207.04,84.60,215.63,0.93,0
147,1,1425.02,259.62,100.15,237.38,0.93,0
147,2,919.82,80.99,74.48,182.44,0.91,1
147,3,1171.94,208.26,84.04,215.72,0.93,0
148,1,1426.11,259.86,100.69,237.51,0.93,0
148,2,924.07,81.43,72.55,182.12,0.90,1
148,3,1175.40,209.81,83.99,214.84,0.93,0
149,1,1426.18,259.84,101.34,238.11,0.93,0
149,2,927.72,82.54,71.85,182.58,0.91,1
149,3,1179.02,211.27,84.37,212.92,0.94,0
150,1,1426.70,259.71,102.18,238.68,0.93,0
150,2,932.36,83.84,71.89,181.63,0.93,1
150,3,1181.23,211.67,86.09,213.62,0.93,0
151,1,1428.12,258.76,103.40,239.78,0.94,0
151,2,936.72,84.93,72.62,180.42,0.93,1
151,3,1183.36,213.69,87.42,212.87,0.93,0
152,1,1428.38,257.95,104.25,240.19,0.93,0
152,2,939.61,86.22,73.65,178.83,0.94,1
152,3,1184.57,216.43,88.58,211.68,0.94,0
153,1,1430.15,258.09,104.60,239.45,0.93,0
153,2,941.32,86.92,75.17,178.23,0.94,1
153,3,1186.02,218.54,90.30,211.66,0.94,0
154,1,1432.18,257.03,105.40,240.05,0.94,0
154,2,942.00,88.16,77.13,178.56,0.93,1
154,3,1188.01,219.29,92.27,212.77,0.94,0
155,1,1435.52,256.85,105.74,240.27,0.94,0
155,2,942.63,88.61,78.62,178.47,0.93,1
155,3,1189.50,219.97,93.95,214.30,0.94,0
156,1,1438.31,256.24,106.19,241.58,0.94,0
156,2,944.05,88.97,79.22,177.77,0.92,1
156,3,1192.65,221.08,94.49,214.20,0.93,0
157,1,1443.32,256.79,105.41,240.39,0.93,0
157,2,946.19,89.42,79.55,177.17,0.92,1
157,3,1195.99,221.23,94.60,214.82,0.93,0
158,1,1448.72,257.00,105.05,240.82,0.93,0
158,2,950.04,89.24,79.60,177.96,0.92,1
158,3,1201.12,222.13,93.79,214.37,0.93,0
159,1,1454.70,257.09,103.94,240.54,0.92,0
159,2,954.49,89.70,78.73,177.70,0.91,1
159,3,1206.92,222.44,92.64,214.19,0.92,0
160,1,1461.43,257.12,101.49,237.75,0.92,0
160,2,960.43,89.64,77.67,177.38,0.91,1
160,3,1214.06,222.40,90.96,213.34,0.92,0
161,1,1467.70,256.80,100.02,238.37,0.90,0
161,2,966.42,89.37,76.65,177.94,0.90,1
161,3,1221.52,221.91,89.45,213.90,0.91,0
162,1,1470.51,257.02,100.07,241.39,0.91,0
162,2,974.78,89.64,75.39,179.66,0.91,1
162,3,1231.33,222.14,87.05,214.11,0.89,0
163,1,1471.73,256.88,101.28,246.97,0.92,0
163,2,981.99,89.51,73.64,180.08,0.91,1
163,3,1239.15,223.43,84.71,213.85,0.90,0
164,1,1474.10,257.94,101.23,248.63,0.93,0
164,2,987.32,89.62,71.91,179.74,0.90,1
164,3,1243.75,224.00,82.85,213.18,0.91,0
165,1,1476.74,258.79,101.03,248.35,0.93,0
165,2,991.78,90.09,70.49,178.71,0.91,1
165,3,1248.24,224.97,81.61,211.93,0.92,0
166,1,1479.30,259.88,101.13,247.43,0.94,0
166,2,996.54,89.53,71.49,180.60,0.93,1
166,3,1253.01,226.20,81.78,211.45,0.93,0
167,1,1481.62,260.85,101.78,247.39,0.94,0
167,2,1001.68,90.32,72.85,180.42,0.93,1
167,3,1258.22,226.97,83.57,212.06,0.94,0
168,1,1483.58,261.21,103.20,248.24,0.94,0
168,2,1005.48,91.11,74.68,179.74,0.94,1
168,3,1261.92,228.46,85.79,211.74,0.94,0
169,1,1484.86,262.33,104.19,247.54,0.94,0
169,2,1007.04,90.78,77.44,180.75,0.94,1
169,3,1265.25,229.88,88.61,211.17,0.95,0
170,1,1484.75,263.75,105.53,247.36,0.94,0
170,2,1007.86,91.93,79.47,180.07,0.94,1
170,3,1266.66,231.73,91.67,210.96,0.95,0
171,1,1485.96,265.38,106.87,246.84,0.94,0
171,2,1008.36,93.02,81.28,179.36,0.94,1
171,3,1267.35,233.28,94.82,211.11,0.95,0
172,1,1487.32,266.42,108.94,247.96,0.94,0
172,2,1009.08,93.47,83.27,179.93,0.94,1
172,3,1267.85,234.27,97.85,211.40,0.95,0
173,1,1488.08,266.79,110.82,248.37,0.95,0
173,2,1010.15,92.85,84.82,180.81,0.94,1
173,3,1268.10,234.60,101.23,213.30,0.95,0
174,1,1489.48,267.35,112.67,248.52,0.95,0
174,2,1013.00,92.15,85.58,181.37,0.93,1
174,3,1268.27,234.47,103.85,214.68,0.95,0
175,1,1491.40,267.98,113.97,247.67,0.95,0
175,2,1017.79,92.10,85.31,181.12,0.93,1
175,3,1270.50,234.38,105.55,215.64,0.94,0
176,1,1494.27,268.42,115.33,247.33,0.95,0
176,2,1024.74,92.46,84.48,180.08,0.92,1
176,3,1273.93,234.54,106.08,216.00,0.94,0
177,1,1498.26,268.11,117.00,248.09,0.95,0
177,2,1033.38,92.43,84.37,180.63,0.92,1
177,3,1278.06,234.57,105.69,215.23,0.94,0
178,1,1503.04,268.42,117.98,248.81,0.95,0
178,2,1043.82,92.18,83.92,180.61,0.92,1
178,3,1284.34,234.55,104.76,214.92,0.94,0
179,1,1508.36,268.74,118.25,248.64,0.94,0
179,2,1053.59,91.97,84.22,182.38,0.92,1
179,3,1291.63,234.53,103.20,214.13,0.94,0
180,1,1514.25,269.29,117.48,247.22,0.94,0
180,2,1060.10,92.50,84.55,183.33,0.91,1
180,3,1298.61,234.72,101.89,214.50,0.93,0
181,1,1521.41,269.92,115.99,245.78,0.93,0
181,2,1064.69,92.97,84.45,182.29,0.90,1
181,3,1307.17,235.22,99.92,214.85,0.93,0
182,1,1528.81,270.14,114.68,245.69,0.92,0
182,2,1066.81,94.32,84.10,180.26,0.91,1
182,3,1316.68,234.94,98.32,216.77,0.93,0
183,1,1537.53,270.65,112.74,245.66,0.92,0
183,2,1067.32,95.83,84.09,178.71,0.93,1
183,3,1324.64,235.93,97.51,220.37,0.93,0
184,1,1543.20,271.72,110.47,244.31,0.93,0
184,2,1068.94,97.05,85.32,178.35,0.94,1
184,3,1330.02,236.74,97.42,224.38,0.93,0
185,1,1546.60,272.89,108.52,242.58,0.94,0
185,2,1070.08,97.49,87.05,178.90,0.94,1
185,3,1334.15,238.35,96.83,225.88,0.93,0
186,1,1550.12,273.30,108.31,242.83,0.94,0
186,2,1071.56,98.14,89.75,180.62,0.93,1
186,3,1337.59,240.06,96.89,227.30,0.94,0
187,1,1553.67,273.88,108.83,242.94,0.94,0
187,2,1071.26,98.26,91.29,181.05,0.93,1
187,3,1340.70,241.79,96.49,226.03,0.95,0
188,1,1557.73,275.20,110.39,243.22,0.94,0
188,2,1071.81,98.89,92.04,180.26,0.93,1
188,3,1343.32,244.20,96.15,223.28,0.94,0
189,1,1561.94,276.12,112.43,242.44,0.94,0
189,2,1073.01,98.39,92.71,180.68,0.93,1
189,3,1344.97,246.65,97.00,222.65,0.95,0
190,1,1565.60,276.32,115.89,243.16,0.95,0
190,2,1075.49,95.90,94.03,183.57,0.93,1
190,3,1345.71,248.75,98.09,222.73,0.95,0
191,1,1569.10,277.16,119.74,243.11,0.95,0
191,2,1081.51,93.12,95.67,186.59,0.93,1
191,3,1347.21,250.84,99.31,222.75,0.95,0
192,1,1571.57,278.01,123.90,243.43,0.95,0
192,2,1088.77,89.36,97.63,190.99,0.93,1
192,3,1349.05,251.80,100.93,224.30,0.94,0
193,1,1572.83,278.86,128.05,243.44,0.95,0
193,2,1095.90,79.74,102.60,201.49,0.92,1
193,3,1350.85,252.56,102.17,225.76,0.94,0
194,1,1573.19,279.15,133.05,245.68,0.95,0
194,2,1104.45,65.26,109.97,216.85,0.92,1
194,3,1353.80,253.80,103.17,227.52,0.94,0
195,1,1573.45,280.02,136.16,245.31,0.95,0
195,2,1111.24,63.46,110.84,219.08,0.89,1
195,3,1358.85,255.34,102.97,227.28,0.93,0
196,1,1574.42,280.10,138.81,245.16,0.96,0
196,2,1112.52,66.67,107.52,215.14,0.93,1
196,3,1364.35,256.54,102.59,227.16,0.94,0
197,1,1576.87,280.10,140.70,245.54,0.96,0
197,2,1115.33,77.98,100.22,203.31,0.92,1
197,3,1371.18,257.17,101.56,226.65,0.93,0
198,1,1580.25,280.53,141.56,245.24,0.95,0
198,2,1118.17,88.48,93.36,192.37,0.92,1
198,3,1378.37,257.36,100.13,225.99,0.92,0
199,1,1584.30,280.67,141.40,245.12,0.95,0
199,2,1119.97,93.48,88.94,186.50,0.91,1
199,3,1387.69,257.16,98.56,226.62,0.92,0
200,1,1589.78,281.59,140.30,244.63,0.94,0
200,2,1122.66,97.15,85.72,182.73,0.91,1
200,3,1397.59,258.38,95.53,225.07,0.91,0
201,1,1595.76,282.14,138.90,244.89,0.94,0
201,2,1126.98,99.55,83.05,179.85,0.92,1
201,3,1405.50,259.48,92.83,223.57,0.92,0
202,1,1603.12,282.78,136.78,244.98,0.93,0
202,2,1131.04,100.61,81.39,178.83,0.91,1
202,3,1410.41,260.41,91.12,222.67,0.92,0
203,1,1610.73,283.66,134.92,246.80,0.94,0
203,2,1135.05,101.18,80.05,178.50,0.91,1
203,3,1413.29,262.40,89.78,220.88,0.93,0
204,1,1616.03,283.98,134.37,251.04,0.94,0
204,2,1140.40,101.45,78.80,178.09,0.91,1
204,3,1416.47,264.01,90.05,221.11,0.93,0
205,1,1618.88,284.08,133.95,254.41,0.94,0
205,2,1146.33,100.83,77.40,177.31,0.91,1
205,3,1420.42,265.91,91.43,221.66,0.94,0
206,1,1622.13,285.42,132.64,255.22,0.94,0
206,2,1151.84,99.38,77.22,179.36,0.91,1
206,3,1424.32,267.69,93.90,222.76,0.94,0
207,1,1625.94,286.36,131.99,255.50,0.95,0
207,2,1156.25,98.25,76.66,179.71,0.92,1
207,3,1427.29,269.88,96.84,223.63,0.94,0
208,1,1629.00,287.36,131.75,256.01,0.95,0
208,2,1160.35,97.35,76.64,180.32,0.93,1
208,3,1429.76,271.77,100.25,224.41,0.95,0
209,1,1631.07,288.82,131.32,254.84,0.95,0
209,2,1163.68,96.78,77.22,180.79,0.93,1
209,3,1430.09,273.32,104.17,227.37,0.95,0
210,1,1633.41,289.69,131.29,253.36,0.95,0
210,2,1167.12,95.66,79.03,182.32,0.93,1
210,3,1431.13,274.52,107.03,228.48,0.95,0
211,1,1635.65,290.54,131.83,252.00,0.96,0
211,2,1170.19,95.62,81.24,183.29,0.93,1
211,3,1431.50,276.70,109.62,228.88,0.95,0
212,1,1637.60,291.51,133.14,251.92,0.96,0
212,2,1172.87,95.55,83.19,183.05,0.93,1
212,3,1431.52,277.70,112.32,230.80,0.95,0
213,1,1639.17,292.51,135.25,252.77,0.96,0
213,2,1174.91,95.75,85.13,182.96,0.93,1
213,3,1434.59,278.46,114.02,231.50,0.95,0
214,1,1640.83,293.52,137.24,252.64,0.96,0
214,2,1179.09,95.21,87.67,183.54,0.93,1
214,3,1439.53,278.92,115.74,232.63,0.95,0
215,1,1643.33,294.32,139.33,252.59,0.96,0
215,2,1184.59,94.12,90.30,183.98,0.93,1
215,3,1444.95,278.82,116.11,232.15,0.95,0
216,1,1646.15,294.59,141.48,252.56,0.96,0
216,2,1191.93,93.59,92.93,184.71,0.94,1
216,3,1452.37,279.85,115.91,231.05,0.95,0
217,1,1650.84,294.66,143.70,252.54,0.96,0
217,2,1199.16,93.51,94.48,184.64,0.94,1
217,3,1460.73,281.08,115.12,229.72,0.95,0
218,1,1655.36,294.66,145.92,252.97,0.96,0
218,2,1206.73,92.93,95.71,185.39,0.94,1
218,3,1468.37,280.83,114.42,229.65,0.94,0
219,1,1661.75,294.41,147.80,253.13,0.96,0
219,2,1215.91,92.50,95.63,185.45,0.92,1
219,3,1477.78,281.59,113.22,230.06,0.94,0
220,1,1668.14,294.29,149.19,253.18,0.96,0
220,2,1224.25,92.01,95.23,185.35,0.92,1
220,3,1487.18,282.51,111.37,231.10,0.93,0
221,1,1676.51,294.45,149.95,252.75,0.96,0
221,2,1228.78,92.17,95.45,185.42,0.92,1
221,3,1493.69,283.49,111.46,236.38,0.93,0
222,1,1683.71,294.05,150.73,253.03,0.96,0
222,2,1231.60,92.18,96.42,186.05,0.92,1
222,3,1497.60,284.93,111.75,241.00,0.94,0
223,1,1691.67,293.88,150.84,253.13,0.95,0
223,2,1233.99,92.70,97.26,185.45,0.93,1
223,3,1500.74,286.99,111.69,243.62,0.94,0
224,1,1699.95,294.25,150.64,253.16,0.95,0
224,2,1236.25,93.01,98.88,185.32,0.94,1
224,3,1504.81,289.07,110.80,242.82,0.95,0
225,1,1709.42,294.60,149.94,253.17,0.95,0
225,2,1237.73,93.91,100.51,184.71,0.93,1
225,3,1508.74,291.37,110.59,241.56,0.95,0
226,1,1715.82,294.84,148.90,252.39,0.96,0
226,2,1239.85,94.31,102.07,183.76,0.94,1
226,3,1512.49,293.76,110.93,239.71,0.95,0
227,1,1719.63,295.14,148.83,252.32,0.95,0
227,2,1242.29,94.41,104.38,183.90,0.94,1
227,3,1515.92,296.39,112.01,238.53,0.96,0
228,1,1721.33,295.57,149.59,252.85,0.95,0
228,2,1245.22,94.10,106.24,183.84,0.93,1
228,3,1517.43,299.00,113.38,237.72,0.96,0
229,1,1722.41,296.28,150.34,252.49,0.95,0
229,2,1248.76,93.32,107.96,185.17,0.93,1
229,3,1519.01,301.26,115.07,237.41,0.95,0
230,1,1722.68,297.10,150.48,251.57,0.95,0
230,2,1254.62,92.74,107.27,183.49,0.93,1
230,3,1521.38,303.05,117.17,238.50,0.95,0
231,1,1723.06,297.62,151.37,251.67,0.95,0
231,2,1259.04,91.35,106.71,184.03,0.93,1
231,3,1525.17,304.33,118.98,239.35,0.95,0
232,1,1723.04,298.24,151.70,250.82,0.95,0
232,2,1264.84,90.78,103.25,181.50,0.92,1
232,3,1529.17,305.42,121.34,241.89,0.95,0
233,1,1722.90,298.91,151.77,250.06,0.96,0
233,2,1272.86,89.40,99.77,180.04,0.89,1
233,3,1535.86,306.55,122.22,242.05,0.95,0
234,1,1722.56,299.14,152.09,249.78,0.95,0
234,2,1281.47,88.39,97.67,181.81,0.90,1
234,3,1543.74,307.24,122.20,241.54,0.95,0
235,1,1723.31,298.99,152.00,248.79,0.96,0
235,2,1287.43,87.25,95.52,182.26,0.90,1
235,3,1552.19,308.34,121.61,240.87,0.94,0
236,1,1724.13,299.14,152.46,249.32,0.95,0
236,2,1292.63,87.17,93.78,181.77,0.92,1
236,3,1561.03,308.92,120.40,239.27,0.92,0
237,1,1725.17,298.62,152.77,249.64,0.95,0
237,2,1298.50,88.22,92.97,180.08,0.94,1
237,3,1571.89,309.53,118.76,238.20,0.93,0
238,1,1728.02,298.30,153.12,250.10,0.96,0
238,2,1304.21,89.76,92.88,177.66,0.94,1
238,3,1582.69,309.70,116.80,237.80,0.93,0
239,1,1731.45,297.28,153.74,251.62,0.95,0
239,2,1309.42,92.37,93.50,174.51,0.95,1
239,3,1590.58,310.28,115.08,237.54,0.93,0
240,1,1736.66,296.67,153.06,251.75,0.95,0
240,2,1313.30,93.86,95.30,172.63,0.94,1
240,3,1596.11,310.79,114.15,237.55,0.93,0
241,1,1742.35,296.55,152.32,252.13,0.95,0
241,2,1316.54,95.41,97.85,171.29,0.94,1
241,3,1599.43,311.06,114.41,238.34,0.94,0
242,1,1749.99,296.17,151.53,253.27,0.94,0
242,2,1318.22,95.41,101.03,171.28,0.94,1
242,3,1602.16,311.90,114.63,237.86,0.94,0
243,1,1757.63,296.47,150.39,254.59,0.94,0
243,2,1320.43,95.96,103.63,171.09,0.95,1
243,3,1604.62,313.41,114.97,236.45,0.95,0
244,1,1765.37,296.14,148.87,255.97,0.94,0
244,2,1323.66,97.60,105.71,170.61,0.94,1
244,3,1608.33,315.06,118.00,237.93,0.95,0
245,1,1773.04,296.46,147.42,258.25,0.93,0
245,2,1330.14,98.43,107.25,170.23,0.94,1
245,3,1612.54,317.31,120.27,236.38,0.95,0
246,1,1778.84,296.70,146.10,260.54,0.94,0
246,2,1338.47,99.78,108.20,169.51,0.95,1
246,3,1615.74,319.46,122.84,234.89,0.95,0
247,1,1782.82,296.90,145.25,263.05,0.94,0
247,2,1347.49,101.16,108.50,168.59,0.94,1
247,3,1617.35,321.34,126.14,235.69,0.96,0
248,1,1785.51,297.64,144.02,263.53,0.94,0
248,2,1359.35,102.43,108.27,167.94,0.94,1
248,3,1617.56,322.22,129.59,236.89,0.95,0
249,1,1787.45,298.25,143.15,264.01,0.94,0
249,2,1371.61,103.27,107.32,167.11,0.93,1
249,3,1618.36,322.73,132.64,237.35,0.96,0
250,1,1789.95,298.59,142.52,264.26,0.94,0
250,2,1381.80,102.82,106.47,166.88,0.93,1
250,3,1622.22,322.42,135.22,237.97,0.96,0
251,1,1792.14,299.16,141.30,262.55,0.94,0
251,2,1388.20,100.72,107.61,168.73,0.94,1
251,3,1628.37,322.82,137.18,238.31,0.95,0
252,1,1793.77,300.04,140.71,261.42,0.94,0
252,2,1392.95,98.47,109.95,171.56,0.95,1
252,3,1635.10,322.60,139.45,239.66,0.95,0
253,1,1795.43,301.70,139.93,259.19,0.93,0
253,2,1397.22,95.83,112.48,174.63,0.95,1
253,3,1643.55,322.48,140.58,240.17,0.95,0
254,1,1797.10,303.88,139.07,256.10,0.93,0
254,2,1402.78,93.67,115.67,178.84,0.95,1
254,3,1650.59,322.18,141.85,241.68,0.95,0
255,1,1798.47,306.02,138.80,253.59,0.93,0
255,2,1408.69,93.18,117.63,180.87,0.95,1
255,3,1660.77,322.48,141.09,240.91,0.95,0
256,1,1801.54,309.49,138.76,250.42,0.92,0
256,2,1416.08,93.23,118.21,181.18,0.94,1
256,3,1672.12,323.02,139.63,240.16,0.95,0
257,1,1805.45,312.33,140.19,248.80,0.90,0
257,2,1424.00,93.82,118.35,181.27,0.94,1
257,3,1683.96,322.97,137.77,239.86,0.94,0
258,1,1808.62,316.15,140.68,244.97,0.90,0
258,2,1434.53,94.67,117.01,179.67,0.94,1
258,3,1695.36,324.27,136.95,242.87,0.93,0
259,1,1811.69,312.12,145.88,249.44,0.90,0
259,2,1445.97,95.22,115.31,178.58,0.94,1
259,3,1701.63,325.19,137.51,247.54,0.94,0
260,1,1812.76,309.14,149.51,252.12,0.88,0
260,2,1457.98,96.78,112.99,177.49,0.93,1
260,3,1705.30,325.96,138.16,251.50,0.94,0
261,1,1813.55,306.64,151.64,254.49,0.88,0
261,2,1470.68,96.47,111.24,177.96,0.92,1
261,3,1709.74,327.88,137.10,250.89,0.95,0
262,1,1816.85,309.90,149.77,251.40,0.88,0
262,2,1479.59,95.52,112.41,183.53,0.92,1
262,3,1713.11,329.37,136.33,249.61,0.95,0
263,1,1821.02,312.03,148.33,249.32,0.86,0
263,2,1484.42,95.66,111.16,184.34,0.93,1
263,3,1716.74,331.91,136.14,247.74,0.96,0
264,1,1827.37,313.48,146.95,248.10,0.83,0
264,2,1489.35,94.77,110.92,185.90,0.93,1
264,3,1720.28,333.50,138.40,248.35,0.96,0
265,1,1834.46,319.60,142.13,241.40,0.79,0
265,2,1494.40,94.77,110.96,186.46,0.94,1
265,3,1723.59,335.96,140.19,247.34,0.96,0
266,1,1843.90,324.81,137.32,234.83,0.71,0
266,2,1500.04,95.55,111.83,186.64,0.93,1
266,3,1725.46,338.29,142.73,247.71,0.96,0
267,1,1851.13,331.10,131.40,226.66,0.61,0
267,2,1505.73,96.29,113.37,187.79,0.93,1
267,3,1728.08,340.35,144.79,247.06,0.96,0
268,1,1860.66,332.99,129.74,226.37,0.28,0
268,2,1512.07,98.79,113.93,187.31,0.93,1
268,3,1731.70,342.08,147.03,246.69,0.96,0
269,1,1872.84,323.65,134.94,238.56,0.10,0
269,2,1519.77,101.35,113.67,185.37,0.94,1
269,3,1735.76,343.45,149.23,246.65,0.96,0
270,2,1529.05,102.70,112.77,183.66,0.93,1
270,3,1740.64,343.58,151.88,247.41,0.96,0
271,2,1537.80,102.96,112.10,183.23,0.94,1
271,3,1748.43,343.80,153.06,246.80,0.96,0
272,2,1546.97,103.60,110.22,182.84,0.93,1
272,3,1756.61,344.50,153.33,245.67,0.96,0
273,2,1556.39,103.14,107.74,182.91,0.92,1
273,3,1766.76,344.50,153.17,245.24,0.95,0
274,2,1567.34,101.89,105.69,184.89,0.91,1
274,3,1775.96,344.23,152.61,245.97,0.95,0
275,2,1574.29,99.90,104.07,186.35,0.91,1
275,3,1784.18,342.76,151.31,247.14,0.93,0
276,2,1579.44,99.08,103.17,187.95,0.93,1
276,3,1795.42,342.95,148.30,246.80,0.92,0
277,2,1583.81,98.77,102.75,188.77,0.93,1
277,3,1807.87,343.22,144.52,246.89,0.89,0
278,2,1589.52,99.93,102.81,187.78,0.94,1
278,3,1820.87,344.75,141.99,245.69,0.89,0
279,2,1595.37,101.77,103.83,186.66,0.93,1
279,3,1823.76,346.20,139.11,244.34,0.90,0
280,2,1600.25,103.13,105.47,186.00,0.93,1
280,3,1828.05,344.48,139.97,247.42,0.88,0
281,2,1603.60,102.68,107.90,186.24,0.93,1
281,3,1829.79,341.15,141.32,251.68,0.88,0
282,2,1607.45,103.61,110.28,186.33,0.94,1
282,3,1832.02,341.87,141.77,253.28,0.87,0
283,2,1613.14,105.24,111.13,184.85,0.94,1
283,3,1835.98,342.14,142.30,252.99,0.83,0
284,2,1619.53,104.33,113.21,186.47,0.94,1
284,3,1839.76,343.46,142.83,251.18,0.81,0
285,2,1627.41,104.14,113.26,186.02,0.94,1
285,3,1839.83,344.52,143.50,250.36,0.75,0
286,2,1635.76,103.21,112.74,186.45,0.93,1
286,3,1844.94,351.15,142.10,243.79,0.62,0
287,2,1644.79,103.97,110.97,186.39,0.93,1
287,3,1847.50,351.62,143.45,242.19,0.38,0
288,2,1654.59,103.42,109.52,188.09,0.92,1
288,3,1852.53,360.96,140.83,233.99,0.25,0
289,2,1663.59,102.98,108.51,190.95,0.92,1
289,3,1853.68,344.44,151.76,251.82,0.15,0
290,2,1670.13,104.30,106.68,190.97,0.93,1
291,2,1675.00,104.75,105.98,191.90,0.93,1
292,2,1680.07,106.63,105.86,191.73,0.94,1
293,2,1685.96,108.39,106.27,190.48,0.94,1
294,2,1690.64,109.49,108.12,190.21,0.94,1
295,2,1693.64,110.38,111.20,191.27,0.95,1
296,2,1696.46,111.09,113.87,192.05,0.95,1
297,2,1700.73,111.50,116.89,193.50,0.95,1
298,2,1706.72,113.29,117.75,192.26,0.94,1
299,2,1713.24,114.62,118.00,191.54,0.94,1
300,2,1721.09,114.65,117.57,191.04,0.93,1
301,2,1728.77,114.85,116.42,191.07,0.93,1
302,2,1738.42,114.68,114.48,190.85,0.93,1
303,2,1749.24,113.41,113.18,192.49,0.93,1
304,2,1760.18,113.59,110.95,193.11,0.92,1
305,2,1766.16,113.53,109.45,193.22,0.93,1
306,2,1770.77,113.32,108.97,194.09,0.94,1
307,2,1774.80,113.90,109.04,194.41,0.93,1
308,2,1779.31,115.28,109.69,193.79,0.93,1
309,2,1783.88,117.02,110.85,192.77,0.93,1
310,2,1787.09,118.55,113.19,192.82,0.94,1
311,2,1789.72,118.99,116.12,194.50,0.94,1
312,2,1791.92,119.92,117.94,195.03,0.94,1
313,2,1795.82,121.41,119.16,194.71,0.93,1
314,2,1802.17,122.00,120.17,195.20,0.92,1
315,2,1808.92,121.92,120.34,194.76,0.92,1
316,2,1817.52,121.36,120.35,195.53,0.91,1
317,2,1829.75,121.68,119.77,196.15,0.89,1
318,2,1846.28,122.90,120.21,196.15,0.77,1
319,2,1858.73,126.24,119.94,196.36,0.49,1
320,2,1863.89,127.47,120.12,199.33,0.54,1
321,2,1864.92,116.45,125.02,210.45,0.43,1
322,2,1865.49,88.14,140.10,238.55,0.20,1
323,2,1865.07,63.62,150.42,260.78,0.14,1
418,4,464.98,969.71,148.56,404.59,0.74,0
419,4,472.63,965.16,139.70,380.61,0.78,0
420,4,481.74,957.72,133.34,363.21,0.83,0
421,4,486.27,951.05,136.35,371.70,0.83,0
422,4,491.17,942.29,137.83,376.55,0.84,0
423,4,499.80,939.56,130.68,357.45,0.85,0
424,4,507.71,938.53,122.63,335.47,0.83,0
425,4,515.10,933.18,122.52,335.11,0.85,0
426,4,519.18,924.49,126.49,346.51,0.83,0
427,4,524.02,916.99,128.09,351.67,0.85,0
428,4,530.25,909.00,128.00,351.97,0.84,0
429,4,538.28,908.54,121.96,335.01,0.84,0
430,4,544.50,902.26,123.27,338.03,0.86,0
431,4,549.77,897.45,125.92,345.54,0.86,0
432,4,557.13,894.96,125.12,343.06,0.86,0
433,4,564.39,892.91,126.37,346.72,0.87,0
434,4,574.56,890.52,126.48,345.46,0.85,0
435,4,585.70,887.57,126.65,343.26,0.85,0
436,4,595.16,886.19,127.05,342.49,0.85,0
437,4,601.76,883.15,127.70,344.96,0.86,0
438,4,608.41,879.02,126.66,343.25,0.87,0
439,4,613.83,871.79,127.90,348.02,0.86,0
440,4,620.41,865.22,123.47,336.49,0.88,0
441,4,626.75,858.40,118.58,322.15,0.89,0
442,4,631.72,851.07,117.97,318.74,0.91,0
443,4,635.45,843.14,120.70,324.86,0.91,0
444,4,638.52,836.35,123.98,332.55,0.91,0
445,4,644.23,830.44,123.02,327.51,0.90,0
446,4,649.50,825.29,122.88,324.72,0.90,0
447,4,657.92,820.00,121.59,316.55,0.87,0
448,4,665.50,816.00,118.75,304.51,0.88,0